0.2
2, 29, -0.07, 0
3, 51, -0.17, 0
4, 53, -0.1, 0
5, 22, -0.07, 0
6, 14, -0.07, 0
7, 40, 0.01, 0
8, 39, -0.03, 0
9, 26, 0.01, 0
10, 46, -0.06, 0
11, 37, -0.09, 0
12, 26, -0.07, 0
13, 44, -0.03, 0
14, 41, -0.03, 0
15, 32, -0.03, 0
16, 38, -0.09, 0
17, 37, 0, 0
18, 29, -0.04, 0
19, 6, -0.11, 0
20, 37, -0.03, 0
21, 50, 0.02, 0
22, 35, 6.93889e-18, 0
23, 51, 0.02, 0
24, 34, 0.05, 0
25, 40, 0.02, 0
26, 42, 0.06, 0
27, 47, -0.02, 0
28, 39, 0.05, 0
29, 51, -0.06, 0
30, 23, -0.01, 0
31, 5, -0.04, 0
32, 11, 0.03, 0
33, 35, -1.73472e-18, 0
34, 29, -0.05, 0
35, 45, -0.05, 0
36, 47, 0.03, 0
37, 32, 0.05, 0
38, 48, 0.02, 0
39, 11, 0, 0
40, 42, 0.16, 0
41, 37, 0.1, 0
42, 23, 0.05, 0
43, 26, 0.01, 0
44, 29, 0.06, 0
45, 17, 0.05, 0
46, 34, 0.06, 0
47, 14, 0.04, 0
48, 37, 0.06, 0
49, 15, 0.07, 0
50, 43, 0.13, 0
51, 47, 0.16, 0
0.2
2, 39, -0.1, 0
3, 50, -0.23, 0
4, 57, -0.08, 0
5, 33, -0.05, 0
6, 33, -0.06, 0
7, 38, -0.03, 0
8, 32, -0.07, 0
9, 40, -0.05, 0
10, 42, -0.12, 0
11, 53, -0.06, 0
12, 39, 0.03, 0
13, 43, -0.07, 0
14, 33, 0, 0
15, 34, -0.11, 0
16, 38, -0.06, 0
17, 24, -0.03, 0
18, 29, -0.04, 0
19, 6, -0.11, 0
20, 32, -3.46945e-18, 0
21, 49, -0.05, 0
22, 45, 0.01, 0
23, 57, 0.08, 0
24, 38, -0.04, 0
25, 43, -0.06, 0
26, 50, -0.03, 0
27, 41, -0.06, 0
28, 31, 0.06, 0
29, 47, 0.03, 0
30, 20, 0.01, 0
31, 20, -0.01, 0
32, 20, 0.03, 0
33, 42, 0.05, 0
34, 22, -0.04, 0
35, 34, 0.1, 0
36, 36, 0.06, 0
37, 38, 0.03, 0
38, 44, 0.06, 0
39, 19, 0.01, 0
40, 55, 0.15, 0
41, 27, 0.04, 0
42, 45, 0.06, 0
43, 37, 0.04, 0
44, 38, 0.1, 0
45, 21, 0.09, 0
46, 16, 0.05, 0
47, 41, 0.09, 0
48, 41, 0.07, 0
49, 33, 0.09, 0
50, 37, 0.15, 0
51, 57, 0.07, 0
0.4
2, 77, -0.12, 0
3, 141, -0.23, 0
4, 135, -0.17, 0
5, 87, -0.23, 0
6, 82, -0.1, 0
7, 80, -0.07, 0
8, 96, -0.14, 0
9, 69, -0.26, 0
10, 80, -0.02, 0
11, 113, 0.01, 0
12, 116, -0.05, 0
13, 81, 0.03, 0
14, 77, -0.17, 0
15, 91, -0.02, 0
16, 80, -0.08, 0
17, 87, 0, 0
18, 88, 0.04, 0
19, 65, -0.08, 0
20, 84, -0.21, 0
21, 84, 0.04, 0
22, 82, -0.05, 0
23, 87, -0.13, 0
24, 78, -0.14, 0
25, 61, -0.18, 0
26, 99, -0.05, 0
27, 93, 3.46945e-18, 0
28, 89, -0.02, 0
29, 81, 0.08, 0
30, 81, 0.04, 0
31, 77, -0.01, 0
32, 71, -0.03, 0
33, 76, -0.01, 0
34, 77, 0.11, 0
35, 87, 0.15, 0
36, 116, 0.07, 0
37, 109, 0.13, 0
38, 116, 0.21, 0
39, 108, 0.05, 0
40, 74, 0.13, 0
41, 78, -0.01, 0
42, 66, 0.12, 0
43, 76, -0.04, 0
44, 77.01, 0.01, 0
45, 73, 0.14, 0
46, 74, 0.08, 0
47, 55.03, 0.31, 0
48, 76, 0.14, 0
49, 85, 0.16, 0
50, 83, 0.26, 0
51, 81, 0.31, 0
0.4
2, 146, -0.08, 0
3, 88, -0.16, 0
4, 76, -0.12, 0
5, 79, -0.17, 0
6, 83, -0.18, 0
7, 82, -0.06, 0
8, 80, -0.18, 0
9, 87, -0.23, 0
10, 79, -0.11, 0
11, 114, -0.06, 0
12, 103, -0.18, 0
13, 92, -0.1, 0
14, 77, -0.01, 0
15, 81, 0.03, 0
16, 84, -0.03, 0
17, 76, -0.03, 0
18, 77, 0.02, 0
19, 60, 0.05, 0
20, 94, -0.1, 0
21, 80, 0.01, 0
22, 96, -0.01, 0
23, 81, -0.03, 0
24, 84, 0.05, 0
25, 74, -0.07, 0
26, 131, 0.05, 0
27, 126, -0.21, 0
28, 96, 0.12, 0
29, 121, 0.03, 0
30, 78, -0.02, 0
31, 82, 0.03, 0
32, 84, 0.06, 0
33, 95, 0.08, 0
34, 85, 0.15, 0
35, 75, 0.23, 0
36, 81, 0, 0
37, 84, 0.03, 0
38, 97, 0.09, 0
39, 57, -0.01, 0
40, 80, -0.03, 0
41, 78, 0.24, 0
42, 92, 0.05, 0
43, 71, 0.04, 0
44, 81, 0.07, 0
45, 61, 0.08, 0
46, 81, 0.06, 0
47, 85, 0.17, 0
48, 69, 0.19, 0
49, 83, 0.1, 0
50, 78, 0.12, 0
51, 84, 0.03, 0
0.8
2, 177, -0.22, 0
3, 157, -0.43, 0
4, 87, -0.15, 0
5, 91, -0.18, 0
6, 176, -0.25, 0
7, 170, -0.17, 0
8, 214, -0.2, 0
9, 211, -0.27, 0
10, 231, -0.07, 0
11, 193, -0.36, 0
12, 194, -0.33, 0
13, 196, -0.43, 0
14, 181, -0.06, 0
15, 187, -0.3, 0
16, 181, -0.13, 0
17, 164, -0.01, 0
18, 164, -0.26, 0
19, 170, 0.05, 0
20, 103, -0.14, 0
21, 110, -0.35, 0
22, 86, 0.18, 0
23, 182, -0.04, 0
24, 178, 0.03, 0
25, 90, -0.02, 0
26, 98, -0.26, 0
27, 93, 0.06, 0
28, 86, 0.18, 0
29, 95, 0.26, 0
30, 80, 0.17, 0
31, 95, -0.25, 0
32, 92, 0.2, 0
33, 81, 0.18, 0
34, 189, -0.02, 0
35, 102, 0.05, 0
36, 97, -0.01, 0
37, 95, -0.05, 0
38, 82, 0.09, 0
39, 87, 0.07, 0
40, 86, 0.36, 0
41, 89, 0.44, 0
42, 92, 0.29, 0
43, 84, 0.28, 0
44, 87, 0.52, 0
45, 73, 0.37, 0
46, 71, 0.3, 0
47, 85, 0.25, 0
48, 91, 0.01, 0
49, 82, 0.29, 0
50, 74, 0.05, 0
51, 76, 0.28, 0
0.8
2, 155, -0.17, 0
3, 116, -0.36, 0
4, 98.01, -0.43, 0
5, 187, -0.13, 0
6, 179, -0.35, 0
7, 205, -0.2, 0
8, 208, -0.24, 0
9, 196, -0.29, 0
10, 159, -0.11, 0
11, 164, -0.06, 0
12, 163, -0.06, 0
13, 109, -0.56, 0
14, 108, -0.32, 0
15, 149, -0.46, 0
16, 106, -0.29, 0
17, 91, -1.73472e-17, 0
18, 88, -0.08, 0
19, 105, -0.18, 0
20, 95, 0.01, 0
21, 89, 0.09, 0
22, 116, -0.49, 0
23, 95, -0.12, 0
24, 85, 0.08, 0
25, 76, 0.03, 0
26, 109, -0.2, 0
27, 92, 0.17, 0
28, 102, -0.06, 0
29, 109, -0.21, 0
30, 92, 0.01, 0
31, 94, 0.12, 0
32, 99, 0.08, 0
33, 94, 0.07, 0
34, 82, 0.37, 0
35, 91, 0.32, 0
36, 169, 0.42, 0
37, 86, 0.29, 0
38, 91, -0.04, 0
39, 94, 0.14, 0
40, 83, 0.11, 0
41, 89, 0.15, 0
42, 88, 0.18, 0
43, 91, 0.3, 0
44, 87, 0.39, 0
45, 80, 0.36, 0
46, 92, 0.24, 0
47, 101, 0.19, 0
48, 80, 0.38, 0
49, 95, 0.22, 0
50, 75, 0.4, 0
51, 88, 0.29, 0
