0.2
2, 31, -0.08, 0
3, 37, -0.15, 0
4, 45, -0.15, 0
5, 15, -0.1, 0
6, 29, -0.11, 0
7, 19, -0.07, 0
8, 28, -0.01, 0
9, 20, 0, 0
10, 31, -0.06, 0
11, 31, -0.11, 0
12, 27, 0.03, 0
13, 29, -0.03, 0
14, 27, -0.04, 0
15, 14, -0.05, 0
16, 26, -0.09, 0
17, 23, 0.08, 0
18, 34, -0.06, 0
19, 17, -0.03, 0
20, 16, -0.06, 0
21, 42, -0.23, 0
22, 19, -0.05, 0
23, 39, -0.04, 0
24, 27, 0.08, 0
25, 35, 0, 0
26, 24, -0.09, 0
27, 35, 0, 0
28, 30, 0.06, 0
29, 26, 0.03, 0
30, 27, 0.09, 0
31, 7, 0.06, 0
32, 14, 0.01, 0
33, 31, 0.11, 0
34, 29, -0.02, 0
35, 34, -6.93889e-18, 0
36, 20, -0.04, 0
37, 21, 0.05, 0
38, 28, 0.01, 0
39, 12, 0.02, 0
40, 36, 0.17, 0
41, 28, 0.1, 0
42, 15, -0.01, 0
43, 5, -0.04, 0
44, 24, 0.06, 0
45, 20, 0.11, 0
46, 22, 0.14, 0
47, 18, 0.03, 0
48, 19, 0.1, 0
49, 30, 0.11, 0
50, 28, 0.15, 0
51, 36, 0.12, 0
0.2
2, 29, -0.17, 0
3, 38, -0.11, 0
4, 44, -0.09, 0
5, 17, -0.09, 0
6, 23, -0.04, 0
7, 30, 0, 0
8, 17, -0.12, 0
9, 23, -0.03, 0
10, 40, -0.09, 0
11, 34, -0.06, 0
12, 24, -0.02, 0
13, 35, -0.06, 0
14, 26, -0.11, 0
15, 30, -0.08, 0
16, 29, -0.05, 0
17, 14, -0.06, 0
18, 18, 0.02, 0
19, 11, -0.08, 0
20, 19, 0.02, 0
21, 30, -0.08, 0
22, 36, -0.07, 0
23, 37, -0.07, 0
24, 29, -0.01, 0
25, 38, 0.05, 0
26, 34, -0.07, 0
27, 33, -0.03, 0
28, 37, 0.06, 0
29, 32, -0.03, 0
30, 27, 0.02, 0
31, 18, 0.02, 0
32, 10, 0.03, 0
33, 31, 0.07, 0
34, 14, 0, 0
35, 29, 0.11, 0
36, 23, -0.01, 0
37, 29, 0.09, 0
38, 40, 0.02, 0
39, 7, 0.02, 0
40, 36, 0.22, 0
41, 28, 0.11, 0
42, 28, 0.01, 0
43, 26, 0.04, 0
44, 8, 0.08, 0
45, 13, 0.05, 0
46, 36, 0.03, 0
47, 31, 0.1, 0
48, 25, 0.07, 0
49, 27, 0.06, 0
50, 28, 0.16, 0
51, 46, 0.17, 0
0.4
2, 79, -0.4, 0
3, 129, -0.3, 0
4, 120, -0.25, 0
5, 88, -0.31, 0
6, 86, -0.33, 0
7, 76, -0.17, 0
8, 84, -0.27, 0
9, 81, -0.14, 0
10, 102, -0.09, 0
11, 111, -0.02, 0
12, 91, -0.18, 0
13, 84, -0.07, 0
14, 72, 0.03, 0
15, 92, -0.22, 0
16, 76, -0.13, 0
17, 79, -0.12, 0
18, 85, -0.02, 0
19, 57, -3.46945e-18, 0
20, 81, -0.05, 0
21, 72, 0.14, 0
22, 94, 0.07, 0
23, 73, 0.09, 0
24, 77, 0.13, 0
25, 80, -0.14, 0
26, 87, 0.02, 0
27, 91, -0.04, 0
28, 77, 0.04, 0
29, 81, 0.17, 0
30, 79, -0.02, 0
31, 74, -0.12, 0
32, 109, -0.08, 0
33, 104, -0.04, 0
34, 101, 0.13, 0
35, 104, 0.19, 0
36, 69, 0.1, 0
37, 79, 0.19, 0
38, 79, 0.16, 0
39, 58, -0.03, 0
40, 70, 0.06, 0
41, 82, 0.24, 0
42, 74, 0.1, 0
43, 59, 0.1, 0
44, 76, 0.08, 0
45, 72, 0.19, 0
46, 71, 0.19, 0
47, 65, 0.23, 0
48, 78, 0.2, 0
49, 91, 0.04, 0
50, 80, 0.24, 0
51, 75, 0.41, 0
0.4
2, 88, -0.14, 0
3, 77, -0.36, 0
4, 82, -0.09, 0
5, 82, -0.23, 0
6, 101, -0.27, 0
7, 100, -0.2, 0
8, 118, -0.28, 0
9, 76, -0.3, 0
10, 72, -0.15, 0
11, 86, -0.03, 0
12, 65, -0.13, 0
13, 80, -0.15, 0
14, 81, -0.15, 0
15, 95, -0.05, 0
16, 79, -0.05, 0
17, 84, 0.1, 0
18, 83, -0.03, 0
19, 70, 0.01, 0
20, 86, -0.14, 0
21, 89, -0.07, 0
22, 80, 0.11, 0
23, 86, -0.1, 0
24, 86, 0.05, 0
25, 77, -0.1, 0
26, 88, -0.1, 0
27, 84, -0.21, 0
28, 59, 0.06, 0
29, 77, 0.06, 0
30, 73, -0.02, 0
31, 77, 0.14, 0
32, 76, -0.03, 0
33, 84, 0.1, 0
34, 70, 0.2, 0
35, 117, 0.15, 0
36, 69, 0.07, 0
37, 96, 0.17, 0
38, 103, 0.11, 0
39, 79, -1.73472e-18, 0
40, 117, 0.14, 0
41, 78, 0.14, 0
42, 71, 0.23, 0
43, 78, 0.04, 0
44, 74, 0.25, 0
45, 60, 0.17, 0
46, 68, 0.13, 0
47, 77, 0.32, 0
48, 65, 0.23, 0
49, 73, 0.25, 0
50, 75, 0.11, 0
51, 86, 0.04, 0
0.8
2, 102, -0.28, 0
3, 188, -0.52, 0
4, 195, -0.46, 0
5, 205, -0.11, 0
6, 235, -0.86, 0
7, 96, -0.39, 0
8, 185, -0.12, 0
9, 104, -0.52, 0
10, 91, -0.25, 0
11, 173, -0.17, 0
12, 182, -0.14, 0
13, 205, -0.59, 0
14, 106, -0.14, 0
15, 97, -0.5, 0
16, 97, -0.06, 0
17, 99, 0.08, 0
18, 78, 0.15, 0
19, 103, -0.01, 0
20, 95, -0.07, 0
21, 101, -0.12, 0
22, 102, -0.25, 0
23, 106, -0.27, 0
24, 88, 0.09, 0
25, 80, 0.16, 0
26, 108, -0.5, 0
27, 109, -0.18, 0
28, 87, 0.38, 0
29, 103, 0.19, 0
30, 166, 0.02, 0
31, 170, -0.01, 0
32, 166, 0.13, 0
33, 172, -0.18, 0
34, 87, 0.4, 0
35, 81, 0.45, 0
36, 94, 0.37, 0
37, 90, 0.35, 0
38, 72, 0.47, 0
39, 87, 0.07, 0
40, 85, 0.22, 0
41, 93, 0.2, 0
42, 88, 0.32, 0
43, 77, 0.26, 0
44, 156, 0.66, 0
45, 170, 0.39, 0
46, 72, 0.57, 0
47, 99, 0.19, 0
48, 84, -6.93889e-18, 0
49, 91, 0.14, 0
50, 82, 0.02, 0
51, 75, 0.42, 0
0.8
2, 98, -0.19, 0
3, 94, -0.33, 0
4, 90, -0.32, 0
5, 98, -0.2, 0
6, 172, -0.29, 0
7, 169, -0.3, 0
8, 186, -0.46, 0
9, 95, -0.36, 0
10, 168, -0.06, 0
11, 106, -0.19, 0
12, 98, -0.04, 0
13, 117, -0.7, 0
14, 92, -0.17, 0
15, 96, -0.12, 0
16, 102, -0.25, 0
17, 80, 0.09, 0
18, 92, -0.23, 0
19, 88, -0.03, 0
20, 98, -0.06, 0
21, 98, -0.2, 0
22, 103, 0.09, 0
23, 84, 0, 0
24, 90, -0.03, 0
25, 91, -0.2, 0
26, 99, -0.11, 0
27, 76, 0.22, 0
28, 97, -0.06, 0
29, 96, -0.12, 0
30, 92, -0.01, 0
31, 100, -0.26, 0
32, 106.03, -0.08, 0
33, 79.01, 0.44, 0
34, 181, 0.23, 0
35, 105, 0.03, 0
36, 95, 0.08, 0
37, 91, -0.04, 0
38, 87, 0.12, 0
39, 94, 0.26, 0
40, 89, 0.31, 0
41, 86, 0.5, 0
42, 95, 0.27, 0
43, 177, 0.17, 0
44, 159, 0.37, 0
45, 162, 0.39, 0
46, 167, 0.12, 0
47, 140, 0.37, 0
48, 85, 0.45, 0
49, 84, 0.3, 0
50, 73, 0.39, 0
51, 83, 0.21, 0
