0.2
2, 29, -0.17, 0
3, 28, -0.1, 0
4, 31, -0.11, 0
5, 16, -0.08, 0
6, 15, -0.12, 0
7, 21, -0.02, 0
8, 13, -0.11, 0
9, 14, -0.12, 0
10, 32, -0.25, 0
11, 34, -0.14, 0
12, 29, 0, 0
13, 30, -0.07, 0
14, 27, 0.04, 0
15, 20, -0.11, 0
16, 15, -0.11, 0
17, 19, 0, 0
18, 16, 0.02, 0
19, 10, -0.03, 0
20, 18, -0.02, 0
21, 35, 0.04, 0
22, 33, 0.04, 0
23, 39, -0.07, 0
24, 26, -0.03, 0
25, 31, -0.07, 0
26, 21, -0.11, 0
27, 27, -0.03, 0
28, 20, 0.07, 0
29, 31, -0.11, 0
30, 27, 0.08, 0
31, 13, -0.02, 0
32, 11, 0.05, 0
33, 23, 0.04, 0
34, 27, 0.05, 0
35, 28, 0.05, 0
36, 17, -0.04, 0
37, 21, 0.09, 0
38, 30, 0.02, 0
39, 4, 0.06, 0
40, 30, 0.22, 0
41, 22, 0.14, 0
42, 17, 0.04, 0
43, 12, 0.08, 0
44, 23, 0.18, 0
45, 7, 0.06, 0
46, 18, 0.11, 0
47, 12, 0, 0
48, 25, 0.14, 0
49, 23, 0.17, 0
50, 18, 0.1, 0
51, 28, 0.15, 0
0.2
2, 26, -0.13, 0
3, 34, -0.11, 0
4, 37, -0.12, 0
5, 11, -0.05, 0
6, 16, -0.07, 0
7, 16, -0.04, 0
8, 24, -0.16, 0
9, 19, -0.07, 0
10, 34, -0.05, 0
11, 32, -0.06, 0
12, 19, -0.08, 0
13, 31, -0.03, 0
14, 20, -0.01, 0
15, 25, -0.13, 0
16, 24, -0.14, 0
17, 5, -0.04, 0
18, 12, -0.02, 0
19, 2, -0.01, 0
20, 16, -0.03, 0
21, 31, 0.02, 0
22, 24, -0.12, 0
23, 36, -0.04, 0
24, 27, 0.05, 0
25, 29, 0.03, 0
26, 37, 0.07, 0
27, 30, -0.06, 0
28, 26, 0.1, 0
29, 32, -0.05, 0
30, 24, 0.14, 0
31, 15, -0.05, 0
32, 18, 0.02, 0
33, 31, 0.08, 0
34, 11, 0, 0
35, 33, 0.12, 0
36, 16, -0.01, 0
37, 23, 0.03, 0
38, 32, 0.03, 0
39, 8, 0.02, 0
40, 37, 0.06, 0
41, 11, 0, 0
42, 10, 0.07, 0
43, 18, 0.03, 0
44, 20, 0.09, 0
45, 13, 0.11, 0
46, 12, 0.03, 0
47, 16, 0.09, 0
48, 25, 0.06, 0
49, 16, 0.08, 0
50, 26, 0.14, 0
51, 31, 0.21, 0
0.4
2, 87, -0.24, 0
3, 84, -0.22, 0
4, 87, -0.32, 0
5, 112, -0.23, 0
6, 116, -0.18, 0
7, 73, -0.05, 0
8, 86, -0.34, 0
9, 76, -0.08, 0
10, 75, 0.05, 0
11, 80, -0.07, 0
12, 82, -0.09, 0
13, 96, -0.13, 0
14, 74, 0, 0
15, 92, -0.11, 0
16, 91, -0.06, 0
17, 80, -0.1, 0
18, 79, -0.2, 0
19, 60, 0.09, 0
20, 89, -0.27, 0
21, 79, 0.03, 0
22, 79, 0.01, 0
23, 83, -6.93889e-18, 0
24, 77, -0.02, 0
25, 85, -0.09, 0
26, 82, -0.03, 0
27, 74, 0.01, 0
28, 80, 0.1, 0
29, 66, 0.03, 0
30, 68, 0.06, 0
31, 86, 0.1, 0
32, 87, -0.07, 0
33, 104, -0.09, 0
34, 101, 0.13, 0
35, 66, 0.34, 0
36, 42, 0, 0
37, 74, 0.13, 0
38, 73, 0.27, 0
39, 62, -0.07, 0
40, 64, 0.21, 0
41, 71, 0.06, 0
42, 74, 0.09, 0
43, 72, 0.09, 0
44, 67, 0.14, 0
45, 73, 0.04, 0
46, 68, 0.21, 0
47, 68, 0.15, 0
48, 73, 0.13, 0
49, 82, 0.29, 0
50, 66, 0.26, 0
51, 78, 0.04, 0
0.4
2, 104, -0.17, 0
3, 110, -0.17, 0
4, 67, -0.29, 0
5, 87, -0.26, 0
6, 86, -0.34, 0
7, 80, -0.15, 0
8, 86, -0.18, 0
9, 75, -0.2, 0
10, 85, -0.26, 0
11, 85, -0.08, 0
12, 87, -0.14, 0
13, 91, -0.1, 0
14, 65, -0.02, 0
15, 90, 0.03, 0
16, 70, -0.11, 0
17, 98, 0.06, 0
18, 95, 0.11, 0
19, 57, -0.06, 0
20, 79, -0.24, 0
21, 88, 0.09, 0
22, 88, -0.08, 0
23, 80, -0.03, 0
24, 76, 0.15, 0
25, 75, -0.08, 0
26, 94, 0.03, 0
27, 96, -0.04, 0
28, 67, 0.01, 0
29, 75, 0.14, 0
30, 81, -0.04, 0
31, 72, 0.07, 0
32, 80, -0.04, 0
33, 80, 0.15, 0
34, 85, 0.17, 0
35, 80, 0.11, 0
36, 70, 0, 0
37, 101, 0.19, 0
38, 81, 0.22, 0
39, 64, 0.02, 0
40, 70, 0.03, 0
41, 85, 0.23, 0
42, 77, 0.23, 0
43, 63, 0.05, 0
44, 82, 0.05, 0
45, 69, 0.27, 0
46, 70, 0, 0
47, 75, 0.13, 0
48, 70, 0.18, 0
49, 83, 0.1, 0
50, 101, 0.05, 0
51, 115, 0.21, 0
0.8
2, 109, -0.38, 0
3, 105, -0.7, 0
4, 118, -0.61, 0
5, 90, -0.03, 0
6, 94, -0.25, 0
7, 85, -0.2, 0
8, 103, -0.23, 0
9, 88, -0.34, 0
10, 175, -0.12, 0
11, 187, -0.18, 0
12, 187, -0.09, 0
13, 176, -0.47, 0
14, 96, -0.03, 0
15, 92, -0.44, 0
16, 105, -0.27, 0
17, 94, -0.17, 0
18, 92, -0.48, 0
19, 96, -0.21, 0
20, 98, -0.1, 0
21, 99, -0.1, 0
22, 98, -0.04, 0
23, 85, -0.09, 0
24, 94, 0.01, 0
25, 84, 0.07, 0
26, 109, -0.34, 0
27, 91, 0.1, 0
28, 85, 0.19, 0
29, 186, -0.17, 0
30, 182, 0.03, 0
31, 100, -0.18, 0
32, 100, -0.07, 0
33, 82, 0.25, 0
34, 166, 0.46, 0
35, 88, 0.54, 0
36, 92, 0.27, 0
37, 93, -0.03, 0
38, 88, -0.06, 0
39, 83, 0.33, 0
40, 97, 0.18, 0
41, 90, 0.2, 0
42, 80, 0.48, 0
43, 83, 0.27, 0
44, 75, 0.77, 0
45, 74, 0.42, 0
46, 87, 0.17, 0
47, 84, 0.31, 0
48, 96, 0.28, 0
49, 80, 0.55, 0
50, 79, 0.12, 0
51, 75, 0.38, 0
0.8
2, 175, -0.15, 0
3, 179, -0.21, 0
4, 158, -0.26, 0
5, 174, -0.15, 0
6, 189, -0.62, 0
7, 182, -0.25, 0
8, 194, -0.21, 0
9, 222, -0.41, 0
10, 82, -0.09, 0
11, 99, -0.28, 0
12, 98, -0.45, 0
13, 187, -0.68, 0
14, 101, -0.21, 0
15, 172, -0.56, 0
16, 188, -0.44, 0
17, 162, 0.05, 0
18, 174, -0.11, 0
19, 179, 0.19, 0
20, 157, -0.11, 0
21, 175, -0.22, 0
22, 107, -0.29, 0
23, 105, -0.05, 0
24, 77, 0.15, 0
25, 84, -0.02, 0
26, 98, -0.23, 0
27, 96, -0.1, 0
28, 104, -0.03, 0
29, 166, 0.19, 0
30, 151, -0.09, 0
31, 92, -0.11, 0
32, 93, 0.31, 0
33, 97, -0.02, 0
34, 87.03, 0.05, 0
35, 98, 0.01, 0
36, 165, 0.29, 0
37, 85, 0.39, 0
38, 76, 0.42, 0
39, 94, 0.12, 0
40, 76, 0.4, 0
41, 159, 0.51, 0
42, 165, 0.16, 0
43, 165, 0.32, 0
44, 161, 0.32, 0
45, 155, 0.44, 0
46, 152, 0.52, 0
47, 183, 0.24, 0
48, 144, 0.16, 0
49, 91, 0.23, 0
50, 72, 0.45, 0
51, 85, 0.43, 0
