0.2
2, 56, -0.02, 0
3, 63, -0.07, 0
4, 65, -0.11, 0
5, 41, -0.01, 0
6, 26, -0.09, 0
7, 53, -0.03, 0
8, 53, -0.03, 0
9, 27, -0.03, 0
10, 61, -0.11, 0
11, 59, -0.03, 0
12, 42, 0.01, 0
13, 52, 0.02, 0
14, 55, -0.04, 0
15, 45, -0.08, 0
16, 49, -0.06, 0
17, 39, -0.03, 0
18, 40, -0.03, 0
19, 26, -0.05, 0
20, 31, -0.05, 0
21, 55, -0.06, 0
22, 51, 0.03, 0
23, 63, -0.06, 0
24, 43, 1.73472e-18, 0
25, 57, -0.03, 0
26, 62, 0.02, 0
27, 58, -0.02, 0
28, 56, 0.05, 0
29, 57, -0.05, 0
30, 21, 0, 0
31, 45, -0.03, 0
32, 31, 0.01, 0
33, 53, 0.03, 0
34, 53, -0.04, 0
35, 59, 0.03, 0
36, 50, 0.05, 0
37, 53, 0.01, 0
38, 55, 0.04, 0
39, 21, 0.03, 0
40, 57, 0.17, 0
41, 63, 0.06, 0
42, 44, 0.02, 0
43, 52, 0.04, 0
44, 51, 0.04, 0
45, 40, 0.04, 0
46, 37, 0.01, 0
47, 54, 0.07, 0
48, 27, 0.06, 0
49, 61, 0.06, 0
50, 43, 0.14, 0
51, 61, 0.12, 0
0.2
2, 52, -0.05, 0
3, 57, -0.09, 0
4, 71, -0.04, 0
5, 55, -0.06, 0
6, 64, -0.01, 0
7, 51, -0.01, 0
8, 56, -0.04, 0
9, 20, -0.07, 0
10, 73, -0.06, 0
11, 73, -0.05, 0
12, 53, 0.01, 0
13, 73, -0.07, 0
14, 64, -0.02, 0
15, 54, -0.04, 0
16, 58, -0.12, 0
17, 59, -0.01, 0
18, 60, -0.01, 0
19, 18, -0.06, 0
20, 56, -0.04, 0
21, 64, 0.01, 0
22, 57, -0.04, 0
23, 62, -0.05, 0
24, 57, 0.02, 0
25, 66, 0.04, 0
26, 64, -0.06, 0
27, 64, -0.1, 0
28, 54, 0.04, 0
29, 45, -0.08, 0
30, 45, 0.05, 0
31, 42, -0.01, 0
32, 32, 0.01, 0
33, 55, 0.04, 0
34, 54, 0.06, 0
35, 54, 0.06, 0
36, 67, -0.02, 0
37, 49, 0.05, 0
38, 56, 0.03, 0
39, 9, 0, 0
40, 63, 0.16, 0
41, 62, 0.07, 0
42, 50, 0.02, 0
43, 52, 0.04, 0
44, 44, 0.05, 0
45, 60, 0.06, 0
46, 54, 0.08, 0
47, 59, 0.08, 0
48, 65, 0.03, 0
49, 51, 0.03, 0
50, 61, 0.09, 0
51, 69, 0.08, 0
0.4
2, 139, -0.05, 0
3, 156, -0.17, 0
4, 154, -0.14, 0
5, 155, -0.18, 0
6, 160, -0.07, 0
7, 132, -0.07, 0
8, 158, -0.13, 0
9, 111, -0.1, 0
10, 163, -0.03, 0
11, 162, 0.02, 0
12, 133, -0.14, 0
13, 168, 0.02, 0
14, 151, -0.04, 0
15, 156, -0.08, 0
16, 146, 3.46945e-18, 0
17, 140, -0.05, 0
18, 144, 0.02, 0
19, 100, -0.04, 0
20, 147, -0.07, 0
21, 149, -0.02, 0
22, 147, 3.46945e-18, 0
23, 140, 0.09, 0
24, 144, 0, 0
25, 147, -0.11, 0
26, 159, 3.46945e-18, 0
27, 164, -0.09, 0
28, 141, 0.06, 0
29, 132, 0.03, 0
30, 132, -0.05, 0
31, 120, 0.04, 0
32, 118, -0.05, 0
33, 142, -0.05, 0
34, 133, 0.07, 0
35, 71, 0.03, 0
36, 151, 0.05, 0
37, 125, 0.13, 0
38, 142, 0.18, 0
39, 75, -0.01, 0
40, 139, 0.07, 0
41, 133, 0.1, 0
42, 127, 0.07, 0
43, 133, -0.02, 0
44, 133, 0.11, 0
45, 144, 0.13, 0
46, 126, 0.09, 0
47, 134, 0.15, 0
48, 139, 0.1, 0
49, 151, 0.04, 0
50, 145, 0.06, 0
51, 151, 0.1, 0
0.4
2, 87, -0.12, 0
3, 97, -0.09, 0
4, 80, -0.11, 0
5, 86, -0.25, 0
6, 90, -0.06, 0
7, 87, -0.02, 0
8, 85, -0.1, 0
9, 83, -0.15, 0
10, 79, -0.07, 0
11, 94, -0.04, 0
12, 89, -0.07, 0
13, 88, -0.06, 0
14, 77, 0.03, 0
15, 97, -0.1, 0
16, 144, -0.08, 0
17, 137, 0.01, 0
18, 113, -0.01, 0
19, 125, -0.03, 0
20, 95, -0.12, 0
21, 83, -0.02, 0
22, 94, -0.07, 0
23, 96, -0.09, 0
24, 88, 0.07, 0
25, 87, -0.09, 0
26, 104, 0.02, 0
27, 84, -0.02, 0
28, 79, 0.04, 0
29, 82, 0.01, 0
30, 81, 0.05, 0
31, 86, -0.06, 0
32, 90, -0.03, 0
33, 92, -0.01, 0
34, 89, 0.02, 0
35, 91, 0.17, 0
36, 87, 0.02, 0
37, 88, 0.06, 0
38, 90, 0.1, 0
39, 70, -0.02, 0
40, 74, 0.15, 0
41, 89, 0.14, 0
42, 88, 0.04, 0
43, 72, 0.07, 0
44, 91, 0.01, 0
45, 75, 0.14, 0
46, 82, 0.08, 0
47, 84, 0.16, 0
48, 86, 0.03, 0
49, 80, 0.19, 0
50, 78, 0.14, 0
51, 86, 0.14, 0
0.8
2, 96, -0.07, 0
3, 257, -0.26, 0
4, 249, -0.15, 0
5, 236, -0.18, 0
6, 263, -0.2, 0
7, 216, -0.33, 0
8, 260, -0.07, 0
9, 106, -0.21, 0
10, 84, -0.02, 0
11, 89, -0.13, 0
12, 91, -3.46945e-18, 0
13, 120, -0.28, 0
14, 93, -0.01, 0
15, 105, -0.33, 0
16, 98, -0.25, 0
17, 92, 0.05, 0
18, 85, -0.04, 0
19, 90, 0.12, 0
20, 107, -0.1, 0
21, 90, 0.06, 0
22, 280, -0.2, 0
23, 243, -0.19, 0
24, 251, 0.12, 0
25, 229, 0.06, 0
26, 276, -0.3, 0
27, 246, 0.02, 0
28, 234, 0.12, 0
29, 248, -0.17, 0
30, 158, 0.1, 0
31, 96, -0.05, 0
32, 101, -0.19, 0
33, 86, 0.12, 0
34, 90, 0.24, 0
35, 103, 0.04, 0
36, 90, 0.25, 0
37, 97, 0.06, 0
38, 85, -0.04, 0
39, 93, 0.03, 0
40, 85, 0.13, 0
41, 82, 0.14, 0
42, 83, 0.37, 0
43, 96, 0.12, 0
44, 81, 0.39, 0
45, 89, 0.12, 0
46, 81, 0.21, 0
47, 92, 0.15, 0
48, 88, 0.24, 0
49, 91, 0.16, 0
50, 74, 0.17, 0
51, 74, 0.18, 0
0.8
2, 103, -0.17, 0
3, 98, -0.13, 0
4, 99, -0.23, 0
5, 91, -0.04, 0
6, 110, -0.32, 0
7, 85, -0.07, 0
8, 108, -0.12, 0
9, 93.02, -0.25, 0
10, 89.01, -0.05, 0
11, 111, -0.11, 0
12, 109, -0.15, 0
13, 111.01, -0.44, 0
14, 176, -0.25, 0
15, 173, -0.23, 0
16, 197, -0.05, 0
17, 178, 0.08, 0
18, 171, -0.2, 0
19, 109, -0.11, 0
20, 91, -0.05, 0
21, 113, -0.29, 0
22, 97, -0.01, 0
23, 87, 0.06, 0
24, 88, 0.12, 0
25, 92, 0.11, 0
26, 95, -0.14, 0
27, 87.01, 0.02, 0
28, 95, 0.12, 0
29, 95, 0.15, 0
30, 94, -0.06, 0
31, 84, -0.09, 0
32, 169, 0.19, 0
33, 190, 0.07, 0
34, 175, 0.09, 0
35, 89, 0.26, 0
36, 97, 0.1, 0
37, 87, 0.09, 0
38, 84, 0.19, 0
39, 89, 0.1, 0
40, 90, 0.18, 0
41, 100, 0.16, 0
42, 91, 0.07, 0
43, 85, 0.24, 0
44, 89, 0.31, 0
45, 83, 0.22, 0
46, 91, 0.12, 0
47, 95, 0.07, 0
48, 71, 0.15, 0
49, 189, 0.06, 0
50, 167, 0.03, 0
51, 168, 0.2, 0
