0.2
2, 32, -0.07, 0
3, 46, -0.11, 0
4, 70, -0.04, 2
5, 41, -0.03, 1
6, 42, -0.08, 1
7, 47, -0.03, 2
8, 53, -0.12, 2
9, 47, -0.08, 1
10, 38, -0.01, 0
11, 42, -0.04, 0
12, 39, 0.06, 0
13, 30, 0.03, 0
14, 51, 0, 2
15, 36, -0.1, 1
16, 57, -0.16, 1
17, 35, -0.04, 1
18, 54, -0.01, 2
19, 17, -0.02, 0
20, 33, 0.02, 0
21, 60, -0.07, 2
22, 53, -0.12, 1
23, 55, -0.02, 1
24, 31, 0.03, 0
25, 55, -0.1, 2
26, 47, 0.04, 0
27, 28, -0.03, 0
28, 25, 0.08, 0
29, 35, 0.02, 0
30, 45, 0.07, 1
31, 43, -0.01, 2
32, 19, -0.01, 1
33, 61, 0.08, 1
34, 42, 0.04, 0
35, 48, 0.04, 1
36, 35, 3.46945e-18, 0
37, 42, -0.01, 2
38, 40, 0.05, 0
39, 34, 0.02, 2
40, 43, 0.21, 0
41, 40, -0.02, 1
42, 24, 0.11, 0
43, 27, -0.05, 1
44, 54, 0.02, 1
45, 27, 0.07, 0
46, 56, 0.05, 1
47, 45, 0.04, 1
48, 54, 0.05, 1
49, 52, 0.05, 1
50, 57, 0.12, 2
51, 62, 0.08, 2
0.2
2, 54, -0.05, 2
3, 43, -0.11, 0
4, 51, -0.07, 0
5, 59, -0.1, 2
6, 55, -0.08, 2
7, 48, 0, 1
8, 26, -0.02, 0
9, 51, -0.02, 2
10, 46, -0.02, 0
11, 57, -0.09, 0
12, 34, 0.02, 0
13, 67, -0.06, 1
14, 46, -0.06, 2
15, 48, -0.09, 2
16, 58, -0.07, 2
17, 56, -0.05, 1
18, 60, -0.01, 1
19, 31, -0.11, 2
20, 22, -0.01, 0
21, 47, 0.07, 0
22, 50, -0.12, 1
23, 37, 0.04, 0
24, 34, 0.1, 0
25, 61, 0.04, 1
26, 45, -0.09, 1
27, 60, -0.07, 1
28, 61, 0.02, 2
29, 63, -0.03, 1
30, 50, 0.07, 1
31, 21, -0.02, 0
32, 35, 0.02, 1
33, 52, -0.04, 2
34, 65, -0.01, 1
35, 53, 0.08, 1
36, 53, 0.02, 2
37, 50, 0.04, 2
38, 41, 0.09, 0
39, 20, 0.02, 0
40, 44, 0.17, 0
41, 54, -0.01, 1
42, 49, -0.01, 2
43, 47, 0.07, 2
44, 53, 0.09, 1
45, 46, 0.02, 1
46, 50, 0, 1
47, 19, 0.06, 0
48, 59, 0.02, 2
49, 46, 0.05, 2
50, 56, 0.14, 1
51, 44, 0.17, 0
0.4
2, 105.02, -0.23, 1
3, 96, -0.22, 2
4, 88, -0.07, 2
5, 91, -0.3, 1
6, 89, -0.15, 2
7, 77, 0.07, 0
8, 101, -0.24, 2
9, 100, -0.13, 1
10, 81, 0.01, 0
11, 100, -0.13, 2
12, 85, -0.09, 1
13, 85, 0.01, 0
14, 77, 0.02, 2
15, 89, 0.02, 0
16, 96, -0.2, 1
17, 87, -6.93889e-18, 1
18, 86, 0.06, 0
19, 82, -0.16, 2
20, 91, -0.12, 0
21, 92, -0.1, 2
22, 88, -0.04, 0
23, 80, 0.11, 0
24, 91, 0.1, 2
25, 88, -0.12, 1
26, 109, -0.2, 1
27, 100, -0.09, 2
28, 85, 0.01, 1
29, 80, 0.11, 0
30, 90, -3.46945e-18, 1
31, 95, -0.06, 1
32, 92, -0.07, 2
33, 74, 0.2, 0
34, 81, 0.11, 2
35, 90, 0.12, 1
36, 85, -0.06, 1
37, 94, 0.23, 1
38, 104, 0.07, 2
39, 68, 0.07, 0
40, 90, -0.02, 1
41, 83, 0.08, 2
42, 86, 0.17, 1
43, 84, -0.04, 2
44, 62, 0.1, 0
45, 64, 0.21, 0
46, 78, -3.46945e-18, 0
47, 75, 0.18, 0
48, 77, 0.25, 0
49, 75, 0.26, 0
50, 74, 0.25, 0
51, 97, 0.02, 1
0.4
2, 121, -0.13, 2
3, 149, -0.23, 2
4, 65, -0.1, 0
5, 90, -0.22, 2
6, 94, -0.24, 1
7, 82, 0.04, 1
8, 79, 0.01, 0
9, 85, -0.27, 2
10, 74, -0.11, 0
11, 78, -0.01, 0
12, 94, -0.07, 2
13, 96, -0.07, 2
14, 95, -0.11, 1
15, 85, -0.05, 0
16, 92, -0.07, 1
17, 79, 0.03, 0
18, 89, -0.13, 2
19, 69, 0.04, 2
20, 101, -0.16, 1
21, 85, 0.11, 1
22, 93, -0.03, 2
23, 97, -0.17, 1
24, 86, -0.01, 1
25, 90, -0.15, 1
26, 92, 0.01, 2
27, 105, -0.23, 1
28, 82, 0.12, 0
29, 91, -0.04, 2
30, 85, 0.06, 2
31, 62, 0.15, 0
32, 90, -0.14, 2
33, 97, -0.06, 1
34, 83, 0.1, 1
35, 80, 0.09, 1
36, 87, 0.08, 1
37, 74, 0.01, 2
38, 74.01, 0.2, 0
39, 83, -0.03, 1
40, 78.01, 0.21, 1
41, 79, 0.25, 0
42, 78, 0.05, 0
43, 73, 0.05, 0
44, 96.01, 0, 1
45, 94, 0.16, 1
46, 62, 0.23, 0
47, 78, 0.19, 2
48, 69.99, 0.15, 0
49, 155, 0.06, 2
50, 132, 0.21, 0
51, 75, 0.22, 0
0.8
2, 183, -0.26, 2
3, 101, -0.39, 0
4, 94, -0.18, 2
5, 101, -0.31, 2
6, 108, -0.47, 0
7, 95, -0.15, 1
8, 98, -0.09, 0
9, 100, -0.63, 2
10, 84, 0.01, 0
11, 86, -0.13, 0
12, 107.01, -0.43, 2
13, 120, -0.56, 1
14, 110, -0.32, 2
15, 96, -0.58, 2
16, 85, -0.01, 0
17, 94, 0.17, 1
18, 92, -0.04, 1
19, 92, 0.15, 1
20, 97, -0.03, 2
21, 102, 0.1, 1
22, 104, -0.32, 2
23, 96, 0.02, 0
24, 92, -0.02, 1
25, 91, 0.16, 0
26, 115, -6.93889e-18, 1
27, 88, -0.09, 2
28, 90, 0.06, 2
29, 99, 0.24, 0
30, 85, 0.04, 0
31, 90, 0.16, 0
32, 102, -0.06, 2
33, 84, 0.27, 0
34, 90, 0.11, 0
35, 90, 0.27, 2
36, 84, 0.24, 0
37, 86, 0.22, 0
38, 72, 0.09, 0
39, 92, 0.07, 1
40, 87, 0.47, 0
41, 102, 0.18, 1
42, 91, 0.04, 2
43, 84, 0.16, 0
44, 103, 0.14, 2
45, 88, 0.14, 1
46, 84, 0.32, 0
47, 97, 0.12, 1
48, 90, 0.06, 0
49, 83, 0.12, 1
50, 76, 0.32, 0
51, 79, 0.62, 0
0.8
2, 95, -0.07, 0
3, 101, -0.16, 0
4, 98, -0.3, 2
5, 97, 0.02, 1
6, 88.01, -0.27, 0
7, 103, -0.38, 2
8, 104.02, -0.19, 0
9, 97, -0.08, 2
10, 88, -0.03, 2
11, 111, -0.4, 2
12, 86, -0.01, 0
13, 118, -0.54, 1
14, 95, -0.15, 2
15, 103, -0.13, 1
16, 108, -0.19, 0
17, 89, 0.06, 2
18, 95, -0.18, 2
19, 101, -6.93889e-18, 0
20, 101.02, -0.07, 1
21, 98, -0.29, 0
22, 110, 0.03, 1
23, 97, 0.01, 0
24, 91, 0.29, 1
25, 76.01, 0.04, 2
26, 93, -0.24, 0
27, 98, 0.01, 0
28, 103.01, -0.01, 0
29, 97, -0.06, 0
30, 95, 0.2, 1
31, 90, -0.23, 1
32, 97, -0.15, 2
33, 99.02, -0.16, 2
34, 102, 0.27, 1
35, 106, 0.09, 2
36, 92, 0.19, 2
37, 89, 0.16, 2
38, 96, 0.04, 2
39, 85, 0.25, 0
40, 76, 0.12, 0
41, 83, 0.34, 1
42, 94, 0.16, 2
43, 89, 0.24, 2
44, 73.01, 0.53, 2
45, 91, 0.3, 1
46, 85, 0.17, 1
47, 93.03, 0.05, 2
48, 84, 0.3, 0
49, 85, 0.36, 0
50, 82, 0.05, 1
51, 78, 0.01, 1
