0.2
2, 26, -0.09, 0
3, 39, -0.16, 0
4, 65, -0.08, 2
5, 33, -0.01, 1
6, 53, -0.12, 1
7, 42, -0.08, 2
8, 46, -0.15, 2
9, 42, -0.08, 1
10, 44, -0.06, 0
11, 35, -0.02, 0
12, 15, 0.07, 0
13, 36, 0.03, 0
14, 44, -0.01, 2
15, 45, -0.02, 1
16, 51, -0.25, 1
17, 44, 0.06, 1
18, 47, -0.09, 2
19, 11, -0.03, 0
20, 27, 0, 0
21, 61, -0.18, 2
22, 38, -0.07, 1
23, 52, -0.12, 1
24, 25, 0.07, 0
25, 55, -0.06, 2
26, 31, 0.11, 0
27, 36, -0.01, 0
28, 31, 0.08, 0
29, 25, 0.03, 0
30, 55, 1.73472e-18, 1
31, 34, 0.01, 2
32, 35, -0.01, 1
33, 50, 0.04, 1
34, 32, 0.07, 0
35, 59, 0.01, 1
36, 29, 0.02, 0
37, 43, -0.01, 2
38, 36, 0.08, 0
39, 21, 0, 2
40, 43, 0.11, 0
41, 61, 0.02, 1
42, 25, 0.08, 0
43, 36, 3.46945e-18, 1
44, 47, 0.02, 1
45, 26, 0.15, 0
46, 43, 0.11, 1
47, 42, 0.05, 1
48, 41, 0.06, 1
49, 44, 0.07, 1
50, 45, 0.19, 2
51, 56, 0.17, 2
0.2
2, 43, -0.03, 2
3, 32, -0.04, 0
4, 51, -0.14, 0
5, 50, -0.04, 2
6, 44, -0.01, 2
7, 36, -0.08, 2
8, 59, -0.1, 1
9, 22, -0.04, 0
10, 70, -0.24, 2
11, 41, -0.06, 0
12, 34, 0.06, 0
13, 28, 0.04, 0
14, 46, -0.03, 1
15, 42, -0.16, 2
16, 57, -0.18, 2
17, 38, -0.06, 2
18, 44, -0.02, 1
19, 30, -0.1, 1
20, 35, -0.01, 2
21, 39, 0.02, 0
22, 31, 0.04, 0
23, 44, 0.11, 0
24, 34, 0.06, 0
25, 52, -0.05, 1
26, 56, -0.08, 1
27, 56, -0.1, 1
28, 52, -0.05, 2
29, 68, -0.06, 1
30, 44, -0.01, 1
31, 16, 0.04, 0
32, 34, 0.05, 1
33, 59, 0.02, 2
34, 51, -0.01, 1
35, 53, 0.05, 1
36, 56, 0.02, 1
37, 37, 0.09, 1
38, 52, 0.02, 2
39, 26, 0.01, 2
40, 42, 0.26, 0
41, 34, 0.21, 0
42, 17, 0.07, 0
43, 53, 0.03, 1
44, 41, 0.06, 2
45, 28, 0.01, 2
46, 55, 0, 1
47, 49, 0.07, 1
48, 52, 0.02, 1
49, 33, 0.11, 0
50, 43, 0.13, 2
51, 57, 0.1, 2
0.4
2, 88.96, -0.05, 1
3, 90.01, -0.26, 2
4, 75, -0.07, 2
5, 103, -0.35, 1
6, 85, -0.26, 2
7, 74, -0.18, 0
8, 95, -0.28, 2
9, 87, -0.22, 1
10, 80, -0.12, 0
11, 99, -0.03, 2
12, 87, -0.25, 1
13, 76, 0.02, 0
14, 87, -0.3, 2
15, 75, 0.02, 0
16, 86, -0.19, 1
17, 96, -0.19, 1
18, 78, 0.18, 0
19, 62, -0.17, 2
20, 88, 8.67362e-18, 0
21, 82, -0.21, 2
22, 87, 0.05, 0
23, 77, 0.05, 0
24, 90, 0.01, 2
25, 86, -0.27, 1
26, 89, 0.06, 1
27, 86, -0.18, 2
28, 84, 0.07, 1
29, 76, -0.07, 0
30, 90, -0.07, 1
31, 88, 0.15, 1
32, 84, 3.46945e-18, 2
33, 71, 0.21, 0
34, 83, 0.14, 2
35, 86, 0.21, 1
36, 90, 0, 1
37, 87, 0.06, 1
38, 93, 0.18, 2
39, 65, 0.18, 0
40, 82, 0.07, 1
41, 87, 0.11, 2
42, 74, -6.93889e-18, 1
43, 77, -0.01, 2
44, 80, 0.09, 0
45, 68, 0.18, 0
46, 71, 0.25, 0
47, 67, 0.35, 0
48, 77, 0.1, 0
49, 78, 0.27, 0
50, 77, 0.34, 0
51, 85, 0.38, 1
0.4
2, 118, -0.26, 2
3, 147, -0.36, 2
4, 85.02, -0.27, 1
5, 92, -0.4, 2
6, 100, -0.06, 1
7, 81, -0.04, 2
8, 89, -0.34, 2
9, 80, -0.29, 2
10, 68, -0.04, 0
11, 91, -0.06, 1
12, 92, -0.07, 1
13, 84, -0.09, 0
14, 82, 0.06, 1
15, 99, -0.13, 1
16, 83, -0.02, 0
17, 80, 0.15, 1
18, 85, -0.13, 2
19, 82, -0.14, 2
20, 98, -0.28, 1
21, 73, 0.15, 0
22, 102, -0.11, 1
23, 72, 5.20417e-18, 0
24, 70, 0.17, 0
25, 87, -0.07, 2
26, 116, -0.16, 1
27, 110, -0.16, 1
28, 76, 0.25, 0
29, 62, 0.1, 0
30, 86, 0.02, 2
31, 79, -0.01, 2
32, 84, -0.15, 1
33, 85, 0.02, 2
34, 83, 0.14, 1
35, 80, 0.21, 1
36, 83, -0.01, 1
37, 90, 0.21, 1
38, 69, 0.3, 0
39, 68, 0.02, 2
40, 76, 0.06, 2
41, 78, 0.21, 2
42, 81.02, 0.23, 0
43, 83, -0.05, 2
44, 97, 0.08, 1
45, 76, 0.19, 1
46, 69.02, 0.18, 0
47, 124, 0.19, 2
48, 106, 0.36, 0
49, 69, 0.26, 0
50, 73, 0.13, 2
51, 94, 0.01, 2
0.8
2, 98, -0.09, 1
3, 158, -0.07, 0
4, 118, -0.84, 1
5, 96, -0.41, 2
6, 105, -0.05, 1
7, 105, -0.44, 1
8, 100, 0.02, 1
9, 98, -0.28, 0
10, 85, 0.05, 1
11, 110, -0.26, 1
12, 99, -0.27, 0
13, 101, -0.29, 0
14, 95, -0.04, 0
15, 100, -0.36, 0
16, 108, -0.17, 1
17, 88, 0.07, 0
18, 84, -0.22, 0
19, 97, -0.29, 2
20, 99, -2.77556e-17, 1
21, 99, -0.21, 2
22, 113, -0.31, 1
23, 95, 0.22, 1
24, 79, 0.03, 0
25, 71, 0.14, 0
26, 103, -0.38, 2
27, 81, 0.29, 0
28, 92, 0.22, 0
29, 87, 0.06, 0
30, 89, 0.1, 1
31, 88, -0.09, 0
32, 95, -0.17, 1
33, 85, 0.05, 1
34, 103, 0.03, 2
35, 101, -0.09, 2
36, 93, 0.08, 2
37, 83, 0.04, 0
38, 93, 0.02, 0
39, 111, -0.09, 1
40, 80, 0.32, 0
41, 87, 0.65, 1
42, 86, 0.27, 0
43, 78, 0.56, 0
44, 77, 0.46, 2
45, 77, 0.36, 2
46, 86, 0.36, 1
47, 84, 0.06, 2
48, 93, 0.26, 1
49, 93, 0.09, 2
50, 85, 0.17, 1
51, 91, 0.44, 1
0.8
2, 103.01, -0.4, 2
3, 117.01, -0.61, 0
4, 161, -0.13, 2
5, 187, -0.23, 2
6, 188, -0.49, 0
7, 183, -0.12, 1
8, 105, -0.39, 0
9, 96, -0.26, 2
10, 86, -0.1, 0
11, 90, 0.03, 0
12, 93, -0.34, 2
13, 109, -0.85, 1
14, 105, -0.54, 2
15, 96, -0.5, 2
16, 92, -0.25, 0
17, 91, 0.19, 1
18, 90, 0.19, 1
19, 105, 0.04, 1
20, 100, -0.07, 2
21, 105, -0.07, 1
22, 102, -0.28, 2
23, 99, -0.33, 0
24, 93, 0.28, 1
25, 88, 0.11, 0
26, 110, -0.15, 1
27, 105, -0.47, 2
28, 99, -0.17, 2
29, 99, 0.15, 0
30, 92, 0.05, 0
31, 96, -0.25, 0
32, 105, -0.14, 2
33, 96, 0.23, 0
34, 79, 0.46, 0
35, 94, 0.2, 2
36, 87, 0.29, 0
37, 87, 0.46, 0
38, 77, 0.36, 0
39, 73, 0.43, 1
40, 74, 0.47, 0
41, 94, 0.04, 1
42, 88, 0.24, 2
43, 89, 0.14, 0
44, 90, 0.5, 2
45, 92, 0.14, 1
46, 80, 0.35, 0
47, 91, 0.58, 1
48, 77, 0.24, 0
49, 85, 0.49, 1
50, 79, 0.09, 0
51, 67, 0.39, 0
