0.2
2, 80, -0.07, 1
3, 79, -0.1, 2
4, 91, -0.06, 1
5, 58, 0, 0
6, 84, -0.05, 2
7, 72, -0.02, 2
8, 68, -0.03, 0
9, 65, -0.02, 0
10, 80, -0.04, 1
11, 71, -0.05, 0
12, 77, 0.03, 2
13, 65, -0.02, 1
14, 80, -0.01, 2
15, 70, -0.03, 2
16, 72, -0.06, 1
17, 59, 0.02, 0
18, 68, -0.02, 0
19, 54, -0.02, 2
20, 69, -0.04, 1
21, 73, 0.01, 0
22, 69, -0.05, 1
23, 78, 0.01, 1
24, 56, 0.04, 0
25, 88, -0.03, 2
26, 62, 0.02, 0
27, 62, -0.04, 0
28, 67, 0.06, 0
29, 80, 0.02, 0
30, 78, 0.01, 1
31, 70, -0.01, 2
32, 71, 0, 1
33, 77, -0.01, 1
34, 58, 0.04, 0
35, 76, -0.01, 1
36, 69, 0, 0
37, 73, 0.01, 2
38, 72, 0.01, 0
39, 57, 0.02, 2
40, 61, 0.1, 0
41, 81, 0.06, 1
42, 64, 0.02, 0
43, 74, -0.02, 1
44, 71, 0.03, 1
45, 65, 0.02, 0
46, 72, 0.03, 1
47, 70, 0.05, 1
48, 89, 0.05, 1
49, 79, 0.04, 1
50, 76, 0.1, 2
51, 74, 0.01, 2
0.2
2, 70, -0.01, 1
3, 79, -0.08, 2
4, 82, -0.07, 1
5, 76, -0.02, 1
6, 82, -0.02, 1
7, 73, -0.01, 1
8, 91, -0.05, 2
9, 67, 0.01, 2
10, 76, -0.1, 0
11, 74, -0.04, 0
12, 68, 0.01, 0
13, 77, -0.05, 1
14, 79, -0.01, 2
15, 63, -0.03, 2
16, 77, -0.06, 1
17, 81, 0, 1
18, 75, -0.02, 1
19, 63, -0.04, 0
20, 80, -0.01, 2
21, 76, 0.01, 2
22, 78, -0.04, 1
23, 75, 0, 0
24, 72, 0.02, 0
25, 84, 0.02, 2
26, 86, -0.04, 2
27, 80, -0.03, 0
28, 67, 0.02, 0
29, 82, -0.05, 2
30, 74, 0.04, 2
31, 57, 0, 1
32, 61, 0.02, 1
33, 70, 0.04, 0
34, 85, -0.02, 1
35, 70, 0.07, 1
36, 83, 0.02, 2
37, 72, 0.06, 1
38, 81, 0.01, 1
39, 63, 0, 1
40, 77, 0.04, 2
41, 74, 0.01, 0
42, 71, 0.02, 2
43, 83, 0.01, 2
44, 74, 0.07, 1
45, 53, 0.05, 0
46, 75, 0.02, 1
47, 59, 0.02, 0
48, 64, 0.03, 0
49, 73, 0.04, 1
50, 71, 0.08, 1
51, 75, 0.06, 2
0.4
2, 168, -0.1, 1
3, 175, -0.02, 2
4, 86, -0.12, 2
5, 101, -0.07, 1
6, 93, -0.07, 2
7, 88, -0.04, 0
8, 102, -0.04, 2
9, 89, -0.12, 1
10, 84, -0.03, 0
11, 104, 3.46945e-18, 2
12, 95, -0.1, 1
13, 85, 0.05, 0
14, 94, -0.01, 2
15, 103, -0.09, 0
16, 96, -0.04, 1
17, 94, -0.04, 1
18, 82, 0.07, 0
19, 80, -0.01, 2
20, 90, -0.07, 0
21, 84, 0.05, 2
22, 94, 0.06, 0
23, 87, -0.04, 0
24, 85, 0.04, 2
25, 85, -0.08, 1
26, 99, 3.46945e-18, 1
27, 93, 3.46945e-18, 2
28, 88, 0.03, 1
29, 81, 0, 0
30, 98, -0.03, 1
31, 94, -0.03, 1
32, 93, -0.02, 2
33, 84, 0.1, 0
34, 90, 0, 2
35, 90, 0.08, 1
36, 170, -0.01, 1
37, 171, 3.46945e-18, 1
38, 96, 0.05, 2
39, 71, 0.05, 0
40, 90, -0.03, 1
41, 96, -0.01, 2
42, 84, 0, 1
43, 79, -0.02, 2
44, 94, 0.04, 0
45, 81, 0.02, 0
46, 88, 0.07, 0
47, 79, 0.16, 0
48, 81, 0.1, 0
49, 93, 0.09, 0
50, 78, 0.15, 0
51, 96, 0.03, 1
0.4
2, 90, -0.01, 0
3, 99, -0.06, 1
4, 140, -0.02, 2
5, 179, -0.16, 1
6, 93, -0.07, 1
7, 81, 0.03, 0
8, 94, -0.08, 1
9, 87, -0.07, 2
10, 98, -0.13, 2
11, 90, 0.01, 0
12, 79, 0.01, 2
13, 103, -0.11, 2
14, 81, -0.01, 2
15, 96, -0.04, 1
16, 166, -0.04, 0
17, 85, -0.02, 2
18, 89, -0.05, 2
19, 75, 3.46945e-18, 1
20, 105, -0.09, 1
21, 97, -0.08, 2
22, 100, 0, 1
23, 95, -0.02, 2
24, 94, 0.06, 2
25, 100, -0.06, 1
26, 96.01, 0.04, 0
27, 102, -0.06, 0
28, 90, 0.02, 1
29, 98, 0.03, 1
30, 86, 0.04, 2
31, 77, 0.02, 1
32, 92, -0.03, 0
33, 94, -0.01, 2
34, 82, 0.09, 0
35, 80, 0.01, 2
36, 88, -0.01, 0
37, 88, 0.05, 2
38, 94, 0.11, 0
39, 82, -0.03, 2
40, 152, 0.09, 2
41, 148, 0.16, 0
42, 153, 0.04, 1
43, 166, -0.01, 2
44, 91, 0.06, 0
45, 85, 0.13, 0
46, 81, 0, 2
47, 89, 0.03, 2
48, 71, 0.12, 0
49, 92.99, 0.06, 1
50, 82, 0.06, 0
51, 93, 0, 2
0.8
2, 184, -0.06, 2
3, 204, -0.1, 0
4, 185, -0.11, 2
5, 94, 0.02, 2
6, 112, -0.18, 0
7, 94, -0.03, 1
8, 118, -0.14, 0
9, 95, -0.17, 2
10, 78, 3.46945e-18, 0
11, 96, -0.03, 0
12, 99, -0.02, 2
13, 110, -0.14, 1
14, 112, -0.22, 2
15, 92, -0.27, 2
16, 107, -0.03, 0
17, 87, 0.09, 1
18, 87, -0.16, 1
19, 95, 0.11, 1
20, 97, -0.13, 2
21, 102, 0.03, 1
22, 113, -0.22, 2
23, 101, 0.02, 0
24, 78, 0.17, 1
25, 83, 0.08, 0
26, 102, -0.07, 1
27, 91, 0.04, 2
28, 89, 0.17, 2
29, 99, 0.06, 0
30, 272, -0.01, 0
31, 265, -0.09, 0
32, 101, -0.08, 2
33, 77, 0.18, 0
34, 82, 0.07, 0
35, 90, 0.17, 2
36, 97, 0.04, 0
37, 86, 0.08, 0
38, 83, -0.06, 0
39, 87, 0.12, 1
40, 78, 0.1, 0
41, 103, 0.01, 1
42, 93, 0.07, 2
43, 86, 0.11, 0
44, 89, 0.1, 2
45, 92, 0.05, 1
46, 85, 0.11, 0
47, 90, -0.01, 1
48, 86, 0.04, 0
49, 88, 0, 1
50, 77, 0.05, 0
51, 71, 0.24, 0
0.8
2, 100, -0.02, 0
3, 270, -0.21, 1
4, 98, -0.08, 2
5, 242, -0.16, 2
6, 277, -0.18, 0
7, 255, -0.18, 2
8, 237, 0.01, 1
9, 256, -0.06, 2
10, 259, -0.01, 1
11, 102, -0.06, 0
12, 98, -0.04, 2
13, 176, -0.31, 1
14, 171, 0.04, 2
15, 99, 0.02, 2
16, 91, -0.08, 1
17, 153, 0.01, 2
18, 166, 0.02, 0
19, 104, -0.16, 2
20, 167, 0.04, 0
21, 175, -0.2, 0
22, 170, 0.01, 0
23, 96, -0.13, 1
24, 102, -0.07, 0
25, 88, 0.07, 1
26, 109, -0.15, 2
27, 101, -0.01, 2
28, 107, 3.46945e-18, 1
29, 100, -0.05, 1
30, 85, 0.02, 0
31, 99, -0.11, 2
32, 86, 0.1, 0
33, 101, -0.06, 2
34, 103, 0.17, 1
35, 102, 0.07, 1
36, 87, 0.15, 2
37, 98, 0.06, 0
38, 99, 0.04, 0
39, 96, -0.01, 2
40, 99, 0.12, 0
41, 82, 0.21, 1
42, 84, 0.17, 0
43, 92, 0.1, 0
44, 84, 0.32, 0
45, 77, 0.22, 2
46, 88, 0.04, 2
47, 102, 0.04, 1
48, 87, 0.13, 2
49, 93, 0.1, 2
50, 87, 0.04, 0
51, 89, 0.02, 0
