0.2
2, 37, -0.04, 0
3, 62, -0.08, 0
4, 72, -0.14, 2
5, 63, -0.04, 1
6, 65, -0.08, 1
7, 59, -0.04, 2
8, 61, -0.11, 2
9, 60, -0.02, 1
10, 50, -0.08, 0
11, 48, -0.01, 0
12, 47, -0.03, 0
13, 43, -0.01, 0
14, 65, -0.04, 2
15, 54, -0.1, 1
16, 55, -0.12, 1
17, 48, -0.02, 1
18, 55, -0.03, 2
19, 36, 0, 0
20, 39, -0.01, 0
21, 78, -0.07, 2
22, 70, 0.04, 1
23, 72, -0.04, 1
24, 46, 0.02, 0
25, 69, -0.03, 2
26, 58, 0.07, 0
27, 50, 0.01, 0
28, 40, 0.05, 0
29, 41, 0.05, 0
30, 61, 0, 1
31, 46, 0, 2
32, 47, 0.02, 1
33, 67, -0.05, 1
34, 56, 0.01, 0
35, 70, 3.46945e-18, 1
36, 46, 0.04, 0
37, 66, 0.03, 2
38, 48, 0.08, 0
39, 35, -0.02, 2
40, 50, 0.1, 0
41, 67, 0, 1
42, 38, 0.05, 0
43, 59, 0.02, 1
44, 58, 0.06, 1
45, 32, 0.08, 0
46, 64, 0.08, 1
47, 64, 0.05, 1
48, 64, 0.08, 1
49, 55, 0.08, 1
50, 68, 0.12, 2
51, 65, 0.07, 2
0.2
2, 43, -0.02, 0
3, 69, -0.1, 1
4, 58, -0.04, 0
5, 63, -0.02, 1
6, 68, -0.03, 2
7, 58, 0, 1
8, 73, -0.05, 1
9, 33, 0.01, 0
10, 73, -0.13, 1
11, 72, -0.1, 2
12, 69, -0.03, 1
13, 76, -0.07, 1
14, 67, -0.05, 1
15, 55, -0.09, 1
16, 67, -0.09, 2
17, 61, 0.02, 2
18, 45, 0.02, 0
19, 37, -0.05, 0
20, 46, 0.05, 0
21, 73, -0.03, 1
22, 65, -0.06, 2
23, 85, -0.06, 2
24, 68, 0.05, 1
25, 82, 0.02, 1
26, 67, -0.03, 1
27, 56, 3.46945e-18, 0
28, 69, 0.01, 2
29, 83, -0.05, 2
30, 53, 0.06, 0
31, 33, 0.04, 0
32, 40, 0.04, 0
33, 69, 1.73472e-18, 2
34, 62, -0.02, 2
35, 38, 0.07, 0
36, 52, 0.06, 0
37, 55, 0.05, 2
38, 80, -0.02, 2
39, 39, -0.02, 1
40, 72, 0.07, 1
41, 75, 0.05, 1
42, 38, 0.06, 0
43, 67, 0.01, 1
44, 64, 0.09, 1
45, 45, 0.08, 0
46, 74, 0.03, 2
47, 59, 0.01, 2
48, 71, 0, 2
49, 78, 0.07, 1
50, 43, 0.14, 0
51, 75, 0.05, 1
0.4
2, 94, -0.1, 1
3, 89, -0.08, 2
4, 85, -0.13, 2
5, 97, -0.18, 1
6, 83, -0.14, 2
7, 81, -0.06, 0
8, 107, -0.15, 2
9, 88, -0.09, 1
10, 83, -0.05, 0
11, 100, 0.01, 2
12, 86, -0.04, 1
13, 82, 0.04, 0
14, 82, -0.05, 2
15, 91, -0.09, 0
16, 102, -0.23, 1
17, 94, -0.11, 1
18, 84, -0.01, 0
19, 88, -0.06, 2
20, 87, 0.1, 0
21, 79, 0, 2
22, 84, 0.09, 0
23, 86, -0.04, 0
24, 98, 0.04, 2
25, 87, -0.17, 1
26, 95, 0.05, 1
27, 98, -0.06, 2
28, 100, 0.01, 1
29, 86, 0.09, 0
30, 99, -0.03, 1
31, 82, -0.05, 1
32, 96, -0.09, 2
33, 80, 0.15, 0
34, 88, -0.04, 2
35, 85, 0.1, 1
36, 94, 0.1, 1
37, 96, 0.02, 1
38, 99, 0.13, 2
39, 73, 0.01, 0
40, 86, 0.03, 1
41, 84, 0.08, 2
42, 90, 0.04, 1
43, 70, 0.05, 2
44, 87, 0.12, 0
45, 78, 0.15, 0
46, 74, 0.01, 0
47, 75.01, 0.16, 0
48, 141, 0.07, 0
49, 148, 0.25, 0
50, 80, 0.1, 0
51, 90, 0.05, 1
0.4
2, 91, -0.02, 1
3, 96, -0.25, 2
4, 150, -0.07, 2
5, 148, -0.21, 1
6, 100, -0.08, 0
7, 74, 0.03, 0
8, 89, -0.09, 2
9, 89, -0.13, 1
10, 91, -0.18, 2
11, 99, -0.04, 1
12, 94, -0.06, 1
13, 103, -0.16, 1
14, 87, -0.03, 2
15, 98, -0.08, 2
16, 89, 0.01, 1
17, 80, 0.01, 2
18, 87, -0.04, 2
19, 59, 0.05, 0
20, 94, -0.11, 1
21, 91, 0.06, 0
22, 94, -0.12, 0
23, 87, 1.04083e-17, 0
24, 77, 0.05, 0
25, 93, -0.03, 2
26, 102, 3.46945e-18, 0
27, 98, -0.12, 1
28, 77, 0.04, 2
29, 81, 0.06, 0
30, 89, 0.03, 2
31, 85, 0.03, 2
32, 80, 0.11, 0
33, 99, -0.08, 1
34, 82, 0.16, 0
35, 76, 0.15, 0
36, 76, -0.06, 0
37, 92, 0.03, 1
38, 83.01, 0.14, 0
39, 83, 0, 2
40, 72, 0.14, 0
41, 94, 0.14, 2
42, 82, -0.01, 1
43, 78, 0, 0
44, 92, 0, 2
45, 86, 0.12, 1
46, 88, 0.09, 2
47, 82, 0.13, 2
48, 82, 0.07, 2
49, 83, 0.09, 0
50, 87, 0.15, 1
51, 90, 0.08, 1
0.8
2, 135, -0.11, 2
3, 169, -0.35, 0
4, 92, -0.26, 2
5, 241, -0.2, 2
6, 253, -0.13, 0
7, 92, 0.05, 1
8, 118, -0.14, 0
9, 100, -0.31, 2
10, 87, -0.05, 0
11, 94, 0.05, 0
12, 98, 0.01, 2
13, 120, -0.44, 1
14, 105, -0.2, 2
15, 97, -0.43, 2
16, 95, -0.04, 0
17, 98, 0.16, 1
18, 92, -0.21, 1
19, 97.01, 0.09, 1
20, 111, -0.28, 2
21, 97, 0.06, 1
22, 104, -0.09, 2
23, 93, 0.11, 0
24, 85, 0.17, 1
25, 82, 0.19, 0
26, 116, -0.26, 1
27, 91.01, 0.06, 2
28, 106, -0.04, 2
29, 104, -0.14, 0
30, 91, 0.21, 0
31, 95, -0.12, 0
32, 102.99, 3.1225e-17, 2
33, 88, -0.01, 0
34, 96, 0.19, 0
35, 81, 0.28, 2
36, 81, 0.42, 0
37, 91.01, -0.02, 0
38, 92, 0.06, 0
39, 84, 0.05, 1
40, 80, 0.23, 0
41, 93, 0.02, 1
42, 90, -0.01, 2
43, 92.01, 0.14, 0
44, 97, 0.11, 2
45, 82, 0.38, 1
46, 88, 0.06, 0
47, 92, 0.2, 1
48, 75.01, 0.02, 0
49, 86, 0.14, 1
50, 84, 0.12, 0
51, 84, 0.26, 0
0.8
2, 102, -0.1, 2
3, 248, -0.14, 2
4, 246, -0.09, 0
5, 95, -0.08, 0
6, 103, -0.24, 0
7, 156, -0.28, 0
8, 162, 1.21431e-17, 1
9, 99.01, -0.1, 1
10, 85, -0.05, 2
11, 108, -0.2, 2
12, 100, -0.09, 1
13, 117, -0.46, 2
14, 101, -0.05, 2
15, 108, -0.25, 2
16, 108, -0.25, 2
17, 81, 0.08, 0
18, 93, -0.05, 0
19, 104, -0.17, 1
20, 88, 0.14, 2
21, 107.01, -0.29, 2
22, 111, -0.12, 2
23, 105, -0.21, 1
24, 98, 0.04, 1
25, 85, -0.04, 2
26, 85, 0.05, 0
27, 96, 0.02, 0
28, 92, 0.1, 1
29, 106.01, 0.07, 1
30, 82, -0.1, 2
31, 100, -0.14, 2
32, 94, -0.12, 2
33, 92, 0.12, 2
34, 92, 0.11, 0
35, 105, 0.13, 0
36, 97, -0.05, 0
37, 88, 0.33, 0
38, 86, -0.01, 2
39, 104, 0.11, 2
40, 91.02, 0.18, 0
41, 82, 0.38, 1
42, 91, 0.25, 1
43, 76, 0.29, 0
44, 77, 0.49, 2
45, 79, 0.1, 0
46, 84, 0.21, 0
47, 96, -0.02, 2
48, 96.01, 0.29, 1
49, 92, 0.08, 2
50, 77, 0.01, 2
51, 81, 0.12, 0
