0.2
2, 44, -0.19, 1
3, 60, -0.16, 2
4, 64, -0.07, 2
5, 44, -0.13, 1
6, 54, -0.07, 1
7, 46, 0.02, 2
8, 45, -0.04, 2
9, 26, 0.02, 0
10, 40, -0.21, 0
11, 43, 0.01, 0
12, 57, -0.04, 2
13, 63, -0.2, 1
14, 32, 0.03, 0
15, 42, -0.16, 1
16, 29, -0.02, 0
17, 43, 0.04, 1
18, 31, -0.11, 0
19, 13, 0, 0
20, 24, 0.06, 0
21, 40, 0.01, 0
22, 52, -0.06, 1
23, 65, -0.06, 1
24, 29, 0.04, 0
25, 61, 0.05, 1
26, 47, -0.03, 1
27, 38, 0, 0
28, 53, -0.01, 1
29, 55, -0.05, 1
30, 28, 0.07, 0
31, 39, 0.02, 2
32, 15, 0.07, 0
33, 45, -0.08, 1
34, 59, 0.03, 1
35, 49, -0.03, 1
36, 44, 0.03, 2
37, 36, -0.03, 1
38, 61, 0.03, 1
39, 17, 0.03, 2
40, 57, 0.14, 1
41, 67, 0.07, 2
42, 43, 0, 1
43, 31, 0.06, 0
44, 50, 0.01, 2
45, 24, 0.08, 0
46, 52, 0.19, 2
47, 49, 0.08, 1
48, 21, 0.11, 0
49, 59, 0.05, 2
50, 46, 0.12, 2
51, 38, 0.28, 0
0.2
2, 23, -0.04, 0
3, 37, -0.09, 0
4, 66, -0.19, 2
5, 37, -0.09, 1
6, 45, -0.1, 1
7, 36, -0.14, 2
8, 40, -0.13, 2
9, 34, -0.04, 1
10, 34, -0.03, 0
11, 27, 0, 0
12, 25, 0.02, 0
13, 35, 0.01, 0
14, 53, -0.07, 2
15, 33, -0.2, 1
16, 54, -0.11, 1
17, 33, -0.07, 1
18, 49, -0.02, 2
19, 12, -0.02, 0
20, 24, 0.01, 0
21, 53, -0.05, 2
22, 41, -0.16, 1
23, 57, -0.06, 1
24, 21, 0.11, 0
25, 54, -0.04, 2
26, 41, 0.1, 0
27, 35, 0.02, 0
28, 38, 0.09, 0
29, 35, 0.03, 0
30, 44, 0.07, 1
31, 23, 0.01, 2
32, 29, 0.02, 1
33, 51, -0.05, 1
34, 29, 0.03, 0
35, 61, 0.13, 1
36, 31, 0.03, 0
37, 46, 0.1, 2
38, 35, 0.12, 0
39, 20, 0, 2
40, 38, 0.24, 0
41, 48, 0.04, 1
42, 14, 0.06, 0
43, 40, 3.46945e-18, 1
44, 36, 0.07, 1
45, 13, 0.14, 0
46, 49, 0.01, 1
47, 47, 0.01, 1
48, 44, 0, 1
49, 35, 0.04, 1
50, 40, 0.09, 2
51, 54, 0.1, 2
0.4
2, 85, -0.07, 1
3, 81, -0.17, 0
4, 76, -0.2, 0
5, 88, -0.34, 2
6, 90, -0.18, 1
7, 86, 0.01, 1
8, 98, -0.21, 1
9, 86, -0.16, 2
10, 92, -0.38, 1
11, 101, -0.19, 1
12, 84, -0.24, 1
13, 97, 0.01, 2
14, 96, -0.11, 1
15, 85, 0.1, 0
16, 93, -0.23, 2
17, 99, -0.1, 2
18, 72, 0.07, 0
19, 83, -0.13, 2
20, 100, -0.23, 1
21, 82, 0.19, 1
22, 105, -0.07, 1
23, 90, -0.21, 1
24, 82, 0.08, 2
25, 71, -0.19, 0
26, 106, -0.05, 1
27, 88, 0.03, 1
28, 81, 0.12, 0
29, 82, 0.04, 0
30, 73, 0.03, 0
31, 89, -0.16, 1
32, 96, -0.1, 1
33, 87, 0.18, 0
34, 84, 0.23, 2
35, 76, 0.24, 0
36, 89, 0.01, 2
37, 64, 0.24, 0
38, 94, -0.02, 2
39, 72, -0.05, 1
40, 81, 0.22, 1
41, 89, 0.13, 2
42, 80, 0.1, 2
43, 71, 0.1, 0
44, 91, -0.04, 1
45, 86, 0.21, 1
46, 67, 0.19, 0
47, 69, 0.21, 0
48, 84, 0.1, 1
49, 86, 0.26, 1
50, 74, 0.29, 0
51, 67, 0.44, 0
0.4
2, 89, -0.13, 2
3, 154, -0.19, 1
4, 141, -0.33, 2
5, 79, -0.13, 0
6, 96, -0.27, 2
7, 87, 0, 1
8, 83, -0.05, 0
9, 83, -0.34, 2
10, 91, -0.06, 1
11, 77, 0.05, 0
12, 94, -0.22, 2
13, 81, -0.06, 0
14, 84, -0.13, 1
15, 103, -0.18, 1
16, 79, -0.15, 0
17, 71, -0.03, 2
18, 75, 0.07, 0
19, 68, -0.11, 2
20, 89, -0.1, 0
21, 79, -0.04, 0
22, 91, -0.2, 2
23, 88, 0.06, 1
24, 96, 0.15, 1
25, 87, 0.02, 2
26, 95, 0.09, 1
27, 92, -0.15, 0
28, 83, 0.08, 1
29, 80, 0.03, 1
30, 78, 0.02, 2
31, 63, 0.15, 0
32, 74, -0.19, 2
33, 88, -0.02, 1
34, 77, 0.03, 1
35, 89, 0.12, 1
36, 77, -0.04, 2
37, 69, 0.25, 0
38, 97, 0.28, 1
39, 79, 0.04, 2
40, 81, -0.03, 1
41, 77, 0.2, 2
42, 74, 0.2, 0
43, 78, 0.14, 0
44, 75, 0.18, 0
45, 66, 0.25, 0
46, 77, -0.04, 0
47, 65, 0.32, 0
48, 57, 0.35, 0
49, 98, -0.01, 1
50, 78, 0.11, 2
51, 93, 0.01, 2
0.8
2, 104, -0.12, 0
3, 105, -0.21, 1
4, 97, -0.54, 0
5, 107, -0.5, 2
6, 97, -0.08, 0
7, 95, -0.21, 0
8, 112, -0.54, 2
9, 82.01, -0.02, 1
10, 88, -0.13, 2
11, 101, -0.43, 2
12, 99, 0.03, 0
13, 120, -0.76, 1
14, 105, -0.18, 1
15, 104, -0.45, 1
16, 101, -0.43, 2
17, 86, 0.19, 1
18, 89, -0.61, 2
19, 104.02, -0.03, 0
20, 106, -0.2, 1
21, 93.01, 0.04, 0
22, 102, -0.02, 1
23, 104, -0.27, 2
24, 88.02, -0.11, 2
25, 86, 0.1, 0
26, 96.01, -0.01, 0
27, 93, 0.1, 0
28, 99, -0.25, 2
29, 105, -0.18, 0
30, 88, 0.01, 0
31, 103, -0.37, 2
32, 90, 0.21, 0
33, 84, 0.06, 0
34, 79, 0.56, 0
35, 99, 0.44, 1
36, 87.02, 0.45, 0
37, 94, -0.08, 1
38, 86, 0.07, 2
39, 80.01, 0.37, 0
40, 73, 0.39, 2
41, 106, 0.02, 1
42, 80.03, 0.37, 0
43, 79, 0.68, 1
44, 90.03, 0.14, 0
45, 87, 0.57, 1
46, 82, 0.28, 0
47, 76.01, 0.55, 0
48, 81.01, 0.26, 0
49, 80, 0.25, 2
50, 82, 0.28, 1
51, 84, 0.31, 2
0.8
2, 92, -0.1, 1
3, 99.01, -0.45, 2
4, 164, -0.17, 0
5, 169, -0.15, 2
6, 169, -0.57, 2
7, 193, -0.14, 1
8, 92, -0.16, 0
9, 103, -0.37, 0
10, 82, -0.02, 0
11, 98.02, -0.29, 2
12, 89, -0.06, 0
13, 115, -0.66, 2
14, 100, 0.07, 1
15, 94, -0.36, 0
16, 101, -0.33, 2
17, 92, 0.26, 1
18, 87, 0.03, 0
19, 89, 0.02, 2
20, 93, 0.04, 0
21, 93, 0.01, 0
22, 112, -0.54, 2
23, 93, -0.1, 2
24, 91, 0.05, 2
25, 80, 0.15, 1
26, 106, -0.37, 1
27, 88, -0.01, 0
28, 96, 0.18, 0
29, 97, 0.32, 1
30, 89, 0.14, 2
31, 97, -0.17, 1
32, 90, -0.06, 0
33, 94, -0.06, 2
34, 101, 0.21, 1
35, 94, 0.14, 1
36, 98, 0.08, 1
37, 91, 0.48, 1
38, 89, -0.08, 2
39, 91, 0.01, 2
40, 90, 0.26, 0
41, 78, 0.49, 2
42, 97, 0.08, 2
43, 79, 0.21, 0
44, 72, 0.76, 1
45, 92, -0.03, 1
46, 68, 0.61, 0
47, 100, 0.02, 2
48, 88, 0.22, 2
49, 98, 0.22, 1
50, 82, 0.05, 1
51, 84, 0.14, 1
