0.2
2, 60, -0.07, 1
3, 67, -0.09, 1
4, 79, -0.21, 1
5, 48, -0.02, 1
6, 51, -0.03, 1
7, 55, -0.07, 1
8, 66, -0.1, 1
9, 56, 0.04, 1
10, 74, -0.26, 1
11, 70, -0.14, 1
12, 55, -0.02, 1
13, 68, -0.13, 1
14, 59, 0, 1
15, 49, -0.03, 1
16, 68, -0.19, 1
17, 54, 0.01, 1
18, 52, -0.15, 1
19, 40, -0.03, 1
20, 48, -0.03, 1
21, 72, -0.03, 1
22, 62, -0.11, 1
23, 68, -0.06, 1
24, 57, -0.05, 1
25, 66, 0.06, 1
26, 68, 0.07, 1
27, 62, -6.93889e-18, 1
28, 52, 0.02, 1
29, 66, -0.05, 1
30, 62, 0.05, 1
31, 39, -0.05, 1
32, 44, -0.01, 1
33, 51, -0.02, 1
34, 66, 0, 1
35, 48, 0.14, 1
36, 54, 0.04, 1
37, 44, 0.11, 1
38, 60, -0.01, 1
39, 30, 0.06, 1
40, 69, 0.22, 1
41, 65, 0.19, 1
42, 51, 0.02, 1
43, 46, 0.06, 1
44, 60, 0.13, 1
45, 50, 0.1, 1
46, 56, 0.16, 1
47, 59, 0.04, 1
48, 64, 0.06, 1
49, 65, 0.04, 1
50, 55, 0.19, 1
51, 74, 0.15, 1
0.2
2, 59, -0.11, 1
3, 72, -0.22, 1
4, 78, -0.18, 1
5, 55, -0.05, 1
6, 57, -0.03, 1
7, 58, 0.02, 1
8, 60, -0.06, 1
9, 42, 0, 1
10, 73, -0.24, 1
11, 67, -0.18, 1
12, 64, 0.02, 1
13, 71, 0.01, 1
14, 61, -0.01, 1
15, 59, -0.12, 1
16, 55, -0.13, 1
17, 49, -0.02, 1
18, 61, -0.05, 1
19, 40, -0.11, 1
20, 44, 0.02, 1
21, 67, 0.04, 1
22, 68, -0.02, 1
23, 81, 0.05, 1
24, 63, -0.01, 1
25, 72, 0.04, 1
26, 67, -0.04, 1
27, 65, -0.01, 1
28, 75, 0.02, 1
29, 74, -0.03, 1
30, 63, 0.06, 1
31, 38, 0.02, 1
32, 40, 0.02, 1
33, 73, 0.13, 1
34, 67, -0.02, 1
35, 66, 0.06, 1
36, 64, 0.06, 1
37, 62, 0.09, 1
38, 73, 0.06, 1
39, 30, -0.02, 1
40, 67, 0.14, 1
41, 74, -0.01, 1
42, 52, 0.04, 1
43, 52, 0.02, 1
44, 57, 0.11, 1
45, 42, 0.09, 1
46, 63, 0.04, 1
47, 50, 0.11, 1
48, 62, 0.07, 1
49, 59, 0.08, 1
50, 58, 0.17, 1
51, 65, 0.08, 1
0.4
2, 87, -0.1, 1
3, 94.01, -0.34, 1
4, 78, -0.32, 1
5, 100, -0.31, 1
6, 94, -0.16, 1
7, 88, -0.1, 1
8, 101, -0.31, 1
9, 82, -0.18, 1
10, 77, -0.02, 1
11, 103, -0.15, 1
12, 86, 0.02, 1
13, 86, 0.06, 1
14, 77, 0.01, 1
15, 102, -0.14, 1
16, 95, -0.06, 1
17, 77, -0.18, 1
18, 86, 0.01, 1
19, 73, 0.02, 1
20, 97, -0.27, 1
21, 81, 0.11, 1
22, 94, 0.15, 1
23, 83, -0.01, 1
24, 85, 0.15, 1
25, 80, -0.16, 1
26, 107, -0.17, 1
27, 87, 0.07, 1
28, 97, -0.08, 1
29, 90, 0.02, 1
30, 96, 0.03, 1
31, 83, -0.17, 1
32, 84, 0.06, 1
33, 95, 0.04, 1
34, 78, 0.16, 1
35, 88, 0.17, 1
36, 81, -0.13, 1
37, 74, 0.2, 1
38, 94, 0.31, 1
39, 73, 0.02, 1
40, 76, 0.26, 1
41, 82, 0.02, 1
42, 84, 0.02, 1
43, 70, 0.04, 1
44, 93, 0.17, 1
45, 80, 0.1, 1
46, 84, 0.23, 1
47, 89.01, 0.15, 1
48, 81, 0.03, 1
49, 88.01, 0.3, 1
50, 84, 0.17, 1
51, 91.01, 0.26, 1
0.4
2, 100, -0.23, 1
3, 161, 0, 1
4, 170, -0.16, 1
5, 91, -0.24, 1
6, 93, -0.2, 1
7, 88, 0.03, 1
8, 90, -0.07, 1
9, 91, -0.23, 1
10, 99, -0.11, 1
11, 84, 0.06, 1
12, 93, -0.23, 1
13, 99, -0.22, 1
14, 90, -0.08, 1
15, 101, -0.26, 1
16, 85, -0.14, 1
17, 97, -0.11, 1
18, 89, 0.08, 1
19, 81, -0.04, 1
20, 95, -0.23, 1
21, 87, -0.28, 1
22, 102, -0.22, 1
23, 99, -0.15, 1
24, 89, 0.2, 1
25, 98, -0.11, 1
26, 100, 0.16, 1
27, 95, -0.27, 1
28, 80, 0.21, 1
29, 87, 0.12, 1
30, 82, -6.93889e-18, 1
31, 84, 0.15, 1
32, 93, -0.06, 1
33, 87, -0.01, 1
34, 91, 0.26, 1
35, 80, 0.17, 1
36, 88, 0.11, 1
37, 94, 0.08, 1
38, 92, 0.23, 1
39, 77, 0.01, 1
40, 82, -0.12, 1
41, 85, 0.34, 1
42, 77, 0.18, 1
43, 97, -0.03, 1
44, 86, -0.01, 1
45, 81, 0.33, 1
46, 79.02, 0.16, 1
47, 115, 0.25, 1
48, 129, 0.25, 1
49, 84, 0.14, 1
50, 84, 0.13, 1
51, 84, 0.16, 1
0.8
2, 105.02, -0.25, 1
3, 95, -0.13, 1
4, 82, -0.14, 1
5, 93.01, -0.25, 1
6, 213, -0.61, 1
7, 195, -0.43, 1
8, 192, -0.03, 1
9, 102, -0.11, 1
10, 85, 0.09, 1
11, 112, -0.52, 1
12, 98, 0.02, 1
13, 114, -0.74, 1
14, 110, -0.26, 1
15, 103, -0.58, 1
16, 107, -0.11, 1
17, 90, 0.12, 1
18, 81, 0.05, 1
19, 98, -0.27, 1
20, 192, 0.02, 1
21, 100, -0.47, 1
22, 98, -0.01, 1
23, 100, 0.05, 1
24, 90, -0.05, 1
25, 76, 0.24, 1
26, 109, -0.47, 1
27, 83, 0.24, 1
28, 92, 0.35, 1
29, 102, 0.1, 1
30, 90, -0.24, 1
31, 90, -0.03, 1
32, 108, -0.16, 1
33, 84, 0.49, 1
34, 92, 0.31, 1
35, 93, 0.31, 1
36, 88, 0.1, 1
37, 85, 0.25, 1
38, 86, 0.09, 1
39, 85, 0.09, 1
40, 81, 0.14, 1
41, 88, 0.29, 1
42, 91, 0.37, 1
43, 84, 0.31, 1
44, 72, 0.65, 1
45, 76, 0.43, 1
46, 95, 0.24, 1
47, 99, 0.1, 1
48, 93, 0.06, 1
49, 84, 0.09, 1
50, 84, 0.1, 1
51, 78, 0.16, 1
0.8
2, 100.02, -0.09, 1
3, 211, -0.39, 1
4, 106, -0.54, 1
5, 105, -0.13, 1
6, 103, -0.33, 1
7, 84, -0.08, 1
8, 99, -0.07, 1
9, 101, -0.38, 1
10, 89, 0.02, 1
11, 90, 0.12, 1
12, 97, -0.15, 1
13, 115, -0.64, 1
14, 87, 0.01, 1
15, 106, -0.74, 1
16, 101, -0.24, 1
17, 90, 0.18, 1
18, 104, -0.28, 1
19, 98, 0.16, 1
20, 108, -0.37, 1
21, 104, 0.09, 1
22, 113, -0.19, 1
23, 95, -0.1, 1
24, 91, 0.16, 1
25, 96, -0.31, 1
26, 89, 0.13, 1
27, 103, -0.23, 1
28, 99, 0.1, 1
29, 103, -0.2, 1
30, 89, 0.31, 1
31, 98, -0.35, 1
32, 84, 0.21, 1
33, 91, -0.2, 1
34, 92, 0.06, 1
35, 100, 0.2, 1
36, 94, 0.39, 1
37, 97, -0.08, 1
38, 91, -0.08, 1
39, 84, 0.44, 1
40, 93, 0.47, 1
41, 91, 0.26, 1
42, 80, 0.48, 1
43, 93, 0.22, 1
44, 96, 0.46, 1
45, 90, 0.17, 1
46, 77, 0.1, 1
47, 87, 0.28, 1
48, 76, 0.35, 1
49, 88, 0.34, 1
50, 79, 0.07, 1
51, 87, 0.39, 1
