0.2
2, 64, -0.15, 2
3, 68, -0.08, 2
4, 77, -0.25, 2
5, 61, -0.1, 2
6, 65, -0.1, 2
7, 57, -0.08, 2
8, 62, -0.15, 2
9, 55, -0.03, 2
10, 70, -0.16, 2
11, 74, -0.1, 2
12, 52, -0.02, 2
13, 73, -0.05, 2
14, 62, -0.13, 2
15, 62, -0.12, 2
16, 69, -0.19, 2
17, 54, -0.06, 2
18, 63, -0.06, 2
19, 42, -0.02, 2
20, 52, 3.46945e-18, 2
21, 69, -0.12, 2
22, 63, 0.01, 2
23, 76, 0, 2
24, 64, 0.08, 2
25, 83, 0.05, 2
26, 74, 0.01, 2
27, 66, -0.08, 2
28, 63, 0.06, 2
29, 70, -0.01, 2
30, 58, 0.15, 2
31, 43, 0.01, 2
32, 45, 0.07, 2
33, 73, 0.01, 2
34, 56, -0.07, 2
35, 60, 0.1, 2
36, 64, 0.07, 2
37, 55, 0.09, 2
38, 62, -0.03, 2
39, 50, -0.01, 2
40, 62, 0.19, 2
41, 61, 0.15, 2
42, 56, -0.02, 2
43, 62, 0.09, 2
44, 52, 0.11, 2
45, 57, 0.12, 2
46, 68, 0.06, 2
47, 65, 0.18, 2
48, 57, 0.09, 2
49, 61, 0.12, 2
50, 61, 0.13, 2
51, 70, 0.24, 2
0.2
2, 52, -0.08, 2
3, 65, -0.14, 2
4, 62, -0.1, 2
5, 55, -0.12, 2
6, 59, -0.05, 2
7, 59, -0.05, 2
8, 51, -0.05, 2
9, 49, -0.03, 2
10, 76, -0.17, 2
11, 70, -0.16, 2
12, 60, 1.73472e-18, 2
13, 58, -0.05, 2
14, 69, -0.02, 2
15, 47, -0.03, 2
16, 61, -0.08, 2
17, 47, 0.09, 2
18, 64, -0.02, 2
19, 36, -0.05, 2
20, 49, -0.09, 2
21, 73, -0.07, 2
22, 56, -0.14, 2
23, 70, -0.1, 2
24, 66, 0.02, 2
25, 67, -0.01, 2
26, 64, -0.07, 2
27, 57, -0.1, 2
28, 64, 0.02, 2
29, 62, -0.01, 2
30, 53, 0.03, 2
31, 32, 0.03, 2
32, 41, 0.04, 2
33, 62, 0.19, 2
34, 63, 0.06, 2
35, 64, 0.1, 2
36, 58, -0.08, 2
37, 58, 0.07, 2
38, 67, 0.03, 2
39, 45, 0, 2
40, 64, 0.23, 2
41, 66, 0, 2
42, 54, 0.03, 2
43, 46, 0.07, 2
44, 51, 0.1, 2
45, 52, 0.09, 2
46, 55, 0.09, 2
47, 52, 0.06, 2
48, 59, 0.13, 2
49, 63, 0.06, 2
50, 56, 0.22, 2
51, 68, 0.11, 2
0.4
2, 165, -0.22, 2
3, 181, -0.31, 2
4, 79, -0.21, 2
5, 97, -0.3, 2
6, 93, -0.33, 2
7, 87, -0.09, 2
8, 108, -0.26, 2
9, 97, -0.11, 2
10, 90, -0.06, 2
11, 97, -0.03, 2
12, 99, -0.36, 2
13, 97, 0.03, 2
14, 72, 0.08, 2
15, 110, -0.25, 2
16, 91, -0.09, 2
17, 91, 0.01, 2
18, 85, 0.08, 2
19, 73, 0.06, 2
20, 92, -0.15, 2
21, 83, 0.08, 2
22, 90, 0.13, 2
23, 89, -0.06, 2
24, 89, 0.03, 2
25, 90, -0.29, 2
26, 109, -0.03, 2
27, 104, -0.22, 2
28, 83, -0.11, 2
29, 78, 0.23, 2
30, 93, 0.02, 2
31, 80, 0.1, 2
32, 87, -0.18, 2
33, 92, 0.12, 2
34, 90, 0.23, 2
35, 70, 0.18, 2
36, 89, 0.09, 2
37, 83, 0.12, 2
38, 109, 0.04, 2
39, 76, -0.05, 2
40, 86, 0.03, 2
41, 89, 0.09, 2
42, 77, 0.27, 2
43, 85, -0.05, 2
44, 87, 0.14, 2
45, 81, 0.25, 2
46, 73, 0.08, 2
47, 82, 0.23, 2
48, 83, 0.11, 2
49, 86, 0.39, 2
50, 80, 0.22, 2
51, 90, 0.32, 2
0.4
2, 151, -0.13, 2
3, 154, -0.12, 2
4, 88, -0.06, 2
5, 89, -0.27, 2
6, 96, -0.24, 2
7, 85, 0.08, 2
8, 87, -0.16, 2
9, 88, -0.27, 2
10, 83, -0.1, 2
11, 97, -0.07, 2
12, 75, 0.07, 2
13, 99, -0.22, 2
14, 84, -0.16, 2
15, 96, 0.03, 2
16, 86, 0.01, 2
17, 80, -0.1, 2
18, 90, -0.05, 2
19, 76, 0.04, 2
20, 105, -0.25, 2
21, 91, -0.12, 2
22, 98, -0.01, 2
23, 96, -6.93889e-18, 2
24, 92, 0.13, 2
25, 86, -0.02, 2
26, 95, -0.01, 2
27, 93, -0.21, 2
28, 89, 0.19, 2
29, 96, 0.02, 2
30, 84, 0.05, 2
31, 78, -0.09, 2
32, 77, -0.03, 2
33, 86, -0.04, 2
34, 85, 0.22, 2
35, 94, 0.23, 2
36, 81, 0.05, 2
37, 92, 0.15, 2
38, 79, 0.37, 2
39, 75, 0.04, 2
40, 79, 0.09, 2
41, 86, 0.23, 2
42, 94.03, 0.08, 2
43, 81, 5.20417e-18, 2
44, 95, 0.02, 2
45, 88, 0.18, 2
46, 91, 0.07, 2
47, 79, 0.1, 2
48, 74, 0.18, 2
49, 86, 0.02, 2
50, 86, 0.08, 2
51, 84, 0, 2
0.8
2, 177, -0.15, 2
3, 196, -0.26, 2
4, 180, -0.39, 2
5, 187, 0, 2
6, 198, -0.75, 2
7, 98, -0.29, 2
8, 93, 0.01, 2
9, 105, -0.33, 2
10, 82, -0.22, 2
11, 96, -0.19, 2
12, 93, 0.25, 2
13, 111, -0.33, 2
14, 102, -0.06, 2
15, 103, -0.68, 2
16, 112, -0.35, 2
17, 101, 0.22, 2
18, 99, -0.45, 2
19, 104, -0.03, 2
20, 90, 0.22, 2
21, 105, 0.06, 2
22, 106, -0.09, 2
23, 106, 0.03, 2
24, 90, -0.44, 2
25, 81, 0.1, 2
26, 110, -0.37, 2
27, 96, -0.24, 2
28, 82, 0.35, 2
29, 107, -0.22, 2
30, 104, -0.34, 2
31, 90, 0.02, 2
32, 93, -0.09, 2
33, 95, -0.29, 2
34, 87, 0.16, 2
35, 92, 0.31, 2
36, 97, 0.17, 2
37, 83, 0.38, 2
38, 90, -0.04, 2
39, 92, 0.15, 2
40, 85, 0.45, 2
41, 90, 0.56, 2
42, 97, 0.33, 2
43, 101, 1.04083e-17, 2
44, 80, 0.71, 2
45, 83, 0.16, 2
46, 88, 0.14, 2
47, 92, 0.39, 2
48, 83, 0.33, 2
49, 79, 0.32, 2
50, 65, 0.68, 2
51, 84, 0.1, 2
0.8
2, 98, -0.15, 2
3, 250, -0.39, 2
4, 188, -0.27, 2
5, 181, -0.14, 2
6, 201, -0.28, 2
7, 91, -0.19, 2
8, 114, -0.1, 2
9, 94, -0.29, 2
10, 88, 0.14, 2
11, 107, -0.1, 2
12, 95, -0.09, 2
13, 109, -0.65, 2
14, 99, -0.01, 2
15, 90, -0.16, 2
16, 94, -0.16, 2
17, 82, 0.12, 2
18, 80, 0.08, 2
19, 174, -0.18, 2
20, 105, -0.55, 2
21, 104, -0.34, 2
22, 104, -0.3, 2
23, 91, -0.08, 2
24, 84, 0.34, 2
25, 90, 0.09, 2
26, 103, -0.55, 2
27, 94, 0.12, 2
28, 111, 0.04, 2
29, 99, 0.17, 2
30, 84, 0.09, 2
31, 101, -0.34, 2
32, 104, 0.05, 2
33, 84, 0.49, 2
34, 102, 0.26, 2
35, 98, 0.3, 2
36, 92, 0.34, 2
37, 99, -0.02, 2
38, 89, 0.07, 2
39, 90, 0.13, 2
40, 92, 0.04, 2
41, 92, 0.08, 2
42, 90, 0.09, 2
43, 87, 0.31, 2
44, 90, 0.45, 2
45, 88, 0.42, 2
46, 80, 0.44, 2
47, 94, -0.03, 2
48, 93, 0.02, 2
49, 93, 0.13, 2
50, 77, 0.09, 2
51, 80, 0.47, 2
