0.2
2, 71, -0.07, 2
3, 72, -0.04, 2
4, 84, -0.09, 2
5, 68, -0.05, 2
6, 84, -0.01, 2
7, 69, 0.02, 2
8, 93, -0.05, 2
9, 61, 0, 2
10, 82, -0.06, 2
11, 76, -0.07, 2
12, 79, 0.01, 2
13, 74, 0.02, 2
14, 80, 0.01, 2
15, 61, -0.02, 2
16, 71, -0.08, 2
17, 74, 0.01, 2
18, 75, -0.01, 2
19, 66, -0.04, 2
20, 72, -0.01, 2
21, 88, -0.06, 2
22, 79, -0.02, 2
23, 81, -0.05, 2
24, 79, 0.01, 2
25, 87, 0.02, 2
26, 76, 0.03, 2
27, 77, 0.01, 2
28, 82, 0.02, 2
29, 81, -0.05, 2
30, 70, 0.05, 2
31, 71, 0.02, 2
32, 63, 0, 2
33, 71, 0, 2
34, 76, 0.01, 2
35, 68, -0.02, 2
36, 81, -0.01, 2
37, 63, 0.06, 2
38, 82, 0.01, 2
39, 61, 0, 2
40, 79, 0.08, 2
41, 75, 0.03, 2
42, 69, 0.04, 2
43, 81, -0.01, 2
44, 70, 0.05, 2
45, 71, 0.06, 2
46, 90, 0.04, 2
47, 75, 0.03, 2
48, 78, 0.04, 2
49, 73, 0.05, 2
50, 71, 0.06, 2
51, 73, 0.03, 2
0.2
2, 73, -0.04, 2
3, 77, -0.1, 2
4, 87, -0.09, 2
5, 67, -0.01, 2
6, 83, -0.03, 2
7, 74, -0.02, 2
8, 80, -0.03, 2
9, 73, 0.01, 2
10, 78, -0.09, 2
11, 80, -0.04, 2
12, 73, 0, 2
13, 71, -0.07, 2
14, 73, -0.02, 2
15, 65, -0.02, 2
16, 81, -0.08, 2
17, 67, 0.01, 2
18, 72, 0.01, 2
19, 65, -0.03, 2
20, 69, -0.02, 2
21, 77, 0.02, 2
22, 81, -0.01, 2
23, 80, -0.01, 2
24, 70, 0.01, 2
25, 73, 0.01, 2
26, 66, -0.04, 2
27, 74, -0.07, 2
28, 80, 0.02, 2
29, 88, 0, 2
30, 78, 0.02, 2
31, 69, -0.01, 2
32, 64, 0.02, 2
33, 72, 0.06, 2
34, 75, -0.01, 2
35, 76, 0.06, 2
36, 80, 0.01, 2
37, 76, 0.05, 2
38, 79, -0.01, 2
39, 68, 0.01, 2
40, 69, 0.11, 2
41, 82, 0.01, 2
42, 75, -0.01, 2
43, 76, 0.04, 2
44, 70, 0.04, 2
45, 61, 0.03, 2
46, 62, 0.02, 2
47, 62, 0.04, 2
48, 74, 0.04, 2
49, 80, 0.05, 2
50, 72, 0.1, 2
51, 72, 0.06, 2
0.4
2, 95, -0.03, 2
3, 99, -0.02, 2
4, 80, -0.08, 2
5, 159, -0.14, 2
6, 183, -0.03, 2
7, 92, 3.46945e-18, 2
8, 91, -0.12, 2
9, 86, -0.1, 2
10, 83, 3.46945e-18, 2
11, 88, 0.02, 2
12, 95, -0.06, 2
13, 94, -0.02, 2
14, 90, -0.03, 2
15, 103, -0.05, 2
16, 101, -0.01, 2
17, 94, -0.08, 2
18, 97, -0.04, 2
19, 71, -0.02, 2
20, 94, -0.11, 2
21, 89, -0.02, 2
22, 94, 0.04, 2
23, 105, -0.03, 2
24, 81, 0.08, 2
25, 101, -0.07, 2
26, 109, -0.02, 2
27, 103, -0.11, 2
28, 86, 0.07, 2
29, 87, 0.07, 2
30, 94, 0.03, 2
31, 84, -0.03, 2
32, 98, -0.06, 2
33, 83, 0.01, 2
34, 159, 0.07, 2
35, 175, 0.08, 2
36, 86, 0.04, 2
37, 83, 0.03, 2
38, 79, 0.14, 2
39, 81, 0, 2
40, 87, 0.07, 2
41, 80, 0.13, 2
42, 86, 0.02, 2
43, 71, -0.02, 2
44, 92, 0, 2
45, 87, 0.06, 2
46, 77, 0.05, 2
47, 84, 0.08, 2
48, 91, 0, 2
49, 85, 0.14, 2
50, 88, 0.04, 2
51, 98, 0.03, 2
0.4
2, 87, -0.05, 2
3, 100, -0.09, 2
4, 81, -0.06, 2
5, 184, -0.1, 2
6, 174, -0.06, 2
7, 82, 0.01, 2
8, 105, -0.03, 2
9, 96, -0.11, 2
10, 95, -0.08, 2
11, 112, -0.02, 2
12, 81, -0.01, 2
13, 98, 0.01, 2
14, 83, -0.01, 2
15, 99, -0.05, 2
16, 89, -0.1, 2
17, 86, -0.01, 2
18, 84, 0.04, 2
19, 84, 0.03, 2
20, 104, -0.09, 2
21, 90, 3.46945e-18, 2
22, 96, -0.02, 2
23, 82, 0.02, 2
24, 98, -0.02, 2
25, 84, -0.07, 2
26, 90, 0.03, 2
27, 90, 0.06, 2
28, 83, 0.02, 2
29, 92, 0.03, 2
30, 81, 0.01, 2
31, 87, -0.03, 2
32, 90, 0.02, 2
33, 97, -0.02, 2
34, 146, 0.1, 2
35, 162, 0.01, 2
36, 93, -0.02, 2
37, 94, 0.03, 2
38, 111, -0.01, 2
39, 80, -0.01, 2
40, 78, 0.05, 2
41, 89, 0, 2
42, 82, 0.12, 2
43, 94, -0.01, 2
44, 98, 0, 2
45, 75, 0.12, 2
46, 90, 0.06, 2
47, 81, 0.11, 2
48, 77, 0.11, 2
49, 96, 0.05, 2
50, 82, 0.02, 2
51, 83, 0.02, 2
0.8
2, 198, -0.01, 2
3, 252, -0.01, 2
4, 268, -0.05, 2
5, 179, 0.03, 2
6, 108, -0.23, 2
7, 86, -0.04, 2
8, 110, -0.09, 2
9, 94, -0.08, 2
10, 83, 0.04, 2
11, 102, -0.16, 2
12, 103, -0.06, 2
13, 97, -0.16, 2
14, 178, -0.06, 2
15, 169, -0.13, 2
16, 180, -0.01, 2
17, 174, 0.09, 2
18, 187, -0.03, 2
19, 190, 0.03, 2
20, 99, -0.05, 2
21, 102, -0.11, 2
22, 105, -0.09, 2
23, 102, -0.07, 2
24, 103, -0.12, 2
25, 86, 0.03, 2
26, 104, -0.08, 2
27, 91, 3.46945e-18, 2
28, 91, 0.13, 2
29, 109, -0.06, 2
30, 95, -0.02, 2
31, 102, -0.13, 2
32, 105, -0.08, 2
33, 96, -0.06, 2
34, 96, 0.06, 2
35, 95, 0.04, 2
36, 103, 0.12, 2
37, 97, -0.02, 2
38, 97, -0.05, 2
39, 85, 0.23, 2
40, 95, 0.05, 2
41, 95, 0.2, 2
42, 85, 0.19, 2
43, 93, -0.05, 2
44, 82, 0.21, 2
45, 88, 0.1, 2
46, 93, 0.08, 2
47, 85, 0.03, 2
48, 94, 0.02, 2
49, 88, 0.15, 2
50, 80, -0.01, 2
51, 74, 0.29, 2
0.8
2, 203, -0.15, 2
3, 294, -0.3, 2
4, 275, -0.23, 2
5, 192, -0.1, 2
6, 108, -0.11, 2
7, 104, -0.09, 2
8, 96, -0.01, 2
9, 108, -0.17, 2
10, 91, 0.02, 2
11, 102, -0.01, 2
12, 91, -0.02, 2
13, 128, -0.29, 2
14, 198, -0.11, 2
15, 219, -0.22, 2
16, 183, -0.1, 2
17, 174, 0.02, 2
18, 169, -0.04, 2
19, 200, -0.05, 2
20, 101, -0.06, 2
21, 106, -0.1, 2
22, 109, -0.02, 2
23, 94, 3.46945e-18, 2
24, 77, 0.18, 2
25, 83, 0.12, 2
26, 107, -0.2, 2
27, 97, 0.03, 2
28, 99, 0.08, 2
29, 96, 0.07, 2
30, 90, -0.02, 2
31, 91, -0.03, 2
32, 80, 0.2, 2
33, 86, 0.19, 2
34, 94, 0.1, 2
35, 95, 0.13, 2
36, 86, 0.02, 2
37, 88, 0.12, 2
38, 86, 3.46945e-18, 2
39, 90, -0.06, 2
40, 83, 0.12, 2
41, 86, 0.09, 2
42, 100, 0.05, 2
43, 91, 0.23, 2
44, 91, 0.25, 2
45, 84, 0.12, 2
46, 83, 0.06, 2
47, 105, 0.08, 2
48, 81, 0.1, 2
49, 85, 0.02, 2
50, 81, 0.07, 2
51, 83, 0.02, 2
