0.2
2, 71, -0.07, 1
3, 76, -0.06, 1
4, 87, -0.18, 1
5, 67, -0.04, 1
6, 73, -0.04, 1
7, 67, -0.01, 1
8, 75, -0.09, 1
9, 67, 0.01, 1
10, 72, -0.18, 1
11, 78, 0, 1
12, 74, -0.04, 1
13, 72, -0.01, 1
14, 68, 0, 1
15, 67, -0.03, 1
16, 68, -0.11, 1
17, 66, -0.01, 1
18, 67, 0.03, 1
19, 60, -0.06, 1
20, 69, -0.02, 1
21, 77, -0.09, 1
22, 70, -0.02, 1
23, 76, -0.02, 1
24, 74, -0.01, 1
25, 72, -0.03, 1
26, 71, -0.01, 1
27, 67, 0.01, 1
28, 62, 0.04, 1
29, 71, 1.73472e-18, 1
30, 71, 0.01, 1
31, 61, 0.01, 1
32, 61, 0.01, 1
33, 71, 0.07, 1
34, 74, -0.01, 1
35, 58, 0.02, 1
36, 78, 0.01, 1
37, 63, 0.03, 1
38, 75, 0.03, 1
39, 54, 0.02, 1
40, 74, 0.13, 1
41, 74, -0.01, 1
42, 60, 0.01, 1
43, 66, 0.05, 1
44, 62, 0.11, 1
45, 52, 0.04, 1
46, 65, 0.07, 1
47, 58, 0.12, 1
48, 72, 0.05, 1
49, 71, 0.02, 1
50, 69, 0.1, 1
51, 66, 0.15, 1
0.2
2, 71, -0.09, 1
3, 77, -0.14, 1
4, 81, -0.08, 1
5, 62, -0.03, 1
6, 72, -0.06, 1
7, 67, 0.01, 1
8, 73, -0.01, 1
9, 66, -0.03, 1
10, 90, -0.14, 1
11, 76, -0.1, 1
12, 66, 0.04, 1
13, 72, -0.02, 1
14, 70, -0.02, 1
15, 60, -0.04, 1
16, 72, -0.05, 1
17, 66, 0.02, 1
18, 69, 0.01, 1
19, 56, -0.03, 1
20, 68, -0.01, 1
21, 78, 0.02, 1
22, 77, -0.08, 1
23, 84, -0.05, 1
24, 71, 0.04, 1
25, 84, 0.01, 1
26, 68, -0.07, 1
27, 71, -0.07, 1
28, 77, 3.46945e-18, 1
29, 84, -0.07, 1
30, 67, 0.06, 1
31, 49, 0.03, 1
32, 58, 0.04, 1
33, 64, 0.08, 1
34, 67, 0.01, 1
35, 71, 0.08, 1
36, 72, -0.06, 1
37, 68, 0.06, 1
38, 77, 0.02, 1
39, 52, -0.02, 1
40, 78, 0.13, 1
41, 79, 0.07, 1
42, 70, 0.02, 1
43, 64, 0.02, 1
44, 59, 0.04, 1
45, 63, 0.06, 1
46, 75, 0.01, 1
47, 68, 0.05, 1
48, 71, 0.04, 1
49, 66, 0.08, 1
50, 70, 0.13, 1
51, 73, 0.09, 1
0.4
2, 93, -0.09, 1
3, 185, -0.09, 1
4, 162, -0.1, 1
5, 92, -0.14, 1
6, 101, -0.04, 1
7, 81, 0.02, 1
8, 100, -0.06, 1
9, 104, -0.11, 1
10, 90, 0.03, 1
11, 93, 0.05, 1
12, 92, -0.12, 1
13, 103, -0.14, 1
14, 87, -0.01, 1
15, 105, -0.08, 1
16, 89, -0.18, 1
17, 89, -6.93889e-18, 1
18, 86, 0.1, 1
19, 79, 0.02, 1
20, 95, -0.1, 1
21, 98, -0.12, 1
22, 96, 0.02, 1
23, 90, 0.08, 1
24, 93, 0.07, 1
25, 88, -0.05, 1
26, 94, 0.07, 1
27, 97, -0.16, 1
28, 86, -0.05, 1
29, 94, -0.03, 1
30, 88, 0.06, 1
31, 79, -0.06, 1
32, 103, -0.1, 1
33, 88, -0.07, 1
34, 88, 0.13, 1
35, 90, 0.08, 1
36, 81, 0.07, 1
37, 92, 0.04, 1
38, 99, 0.09, 1
39, 78, -0.03, 1
40, 78, 0.16, 1
41, 99, 0.1, 1
42, 81, 0.06, 1
43, 88, -0.01, 1
44, 80, 0.07, 1
45, 83.01, 0.1, 1
46, 83, 0.04, 1
47, 73, 0.18, 1
48, 84, 0.03, 1
49, 96, 0.05, 1
50, 152, 0.11, 1
51, 159, 0.11, 1
0.4
2, 92, -0.09, 1
3, 165, -0.11, 1
4, 170, -0.11, 1
5, 100, -0.23, 1
6, 79, -0.12, 1
7, 99, -0.08, 1
8, 94, -0.08, 1
9, 80, -0.14, 1
10, 91, -0.06, 1
11, 102, -0.11, 1
12, 91, 0.01, 1
13, 93, 0.02, 1
14, 85, -0.06, 1
15, 95, -0.1, 1
16, 92, -0.01, 1
17, 86, -0.07, 1
18, 92, -0.07, 1
19, 81, 0.06, 1
20, 96, -0.15, 1
21, 78, 0.12, 1
22, 100, -0.04, 1
23, 102, -0.1, 1
24, 87, 0, 1
25, 87, -0.12, 1
26, 108, -0.06, 1
27, 101, -0.04, 1
28, 91, 0.07, 1
29, 85, 0.11, 1
30, 90, -0.01, 1
31, 89, -0.01, 1
32, 85, -0.03, 1
33, 88, 0.1, 1
34, 88, 0.07, 1
35, 78, 0.06, 1
36, 99, 0.01, 1
37, 89, 0.11, 1
38, 86, 0.16, 1
39, 76, 0.08, 1
40, 86, 3.46945e-18, 1
41, 79, 0.07, 1
42, 92, 0.04, 1
43, 77, -0.01, 1
44, 99, 0.03, 1
45, 89, 0.11, 1
46, 89, 0.11, 1
47, 90, 0.19, 1
48, 84, 0.16, 1
49, 85, 0.23, 1
50, 84, 0.07, 1
51, 92, 0.02, 1
0.8
2, 185, -0.05, 1
3, 107, -0.25, 1
4, 91, -0.2, 1
5, 94, 0.03, 1
6, 104, -0.34, 1
7, 90, -0.08, 1
8, 98, 0.02, 1
9, 94, -0.07, 1
10, 83, 0.03, 1
11, 109, -0.33, 1
12, 106, -0.13, 1
13, 200, -0.46, 1
14, 111, -0.18, 1
15, 108, -0.29, 1
16, 97, -0.1, 1
17, 80, 0.17, 1
18, 92, -0.06, 1
19, 110, -0.01, 1
20, 113, -0.12, 1
21, 95, 0.11, 1
22, 98, 0.01, 1
23, 79, 0.12, 1
24, 92, -0.02, 1
25, 78, 0.15, 1
26, 108, -0.24, 1
27, 80, 0.24, 1
28, 97, -0.06, 1
29, 105, -0.09, 1
30, 94, -0.1, 1
31, 102, -0.2, 1
32, 104, -0.04, 1
33, 93, -0.04, 1
34, 93, 0.06, 1
35, 90, 0.18, 1
36, 86, 0.28, 1
37, 103, -0.05, 1
38, 86, 0.12, 1
39, 93, 0.06, 1
40, 91, 0.08, 1
41, 84, 0.18, 1
42, 88, 0.16, 1
43, 87, 0.01, 1
44, 83, 0.31, 1
45, 84, 0.19, 1
46, 68, 0.41, 1
47, 95, 0.25, 1
48, 90, 0.13, 1
49, 82.01, 0.04, 1
50, 81, 0.02, 1
51, 84, 0.15, 1
0.8
2, 201, -0.11, 1
3, 177, -0.12, 1
4, 203, -0.11, 1
5, 191, -0.24, 1
6, 201, -0.18, 1
7, 192, -0.21, 1
8, 112, -0.23, 1
9, 109, -0.19, 1
10, 89.99, 0.06, 1
11, 90, 0.11, 1
12, 86, -0.04, 1
13, 116, -0.26, 1
14, 91, 0.03, 1
15, 98, -0.31, 1
16, 109, -0.07, 1
17, 99, 0.1, 1
18, 91, -0.02, 1
19, 92, -0.05, 1
20, 85, -0.02, 1
21, 108, -0.34, 1
22, 114, -0.14, 1
23, 112, -0.29, 1
24, 84, 0.15, 1
25, 89, -0.11, 1
26, 105, -0.22, 1
27, 106, -0.31, 1
28, 90, 0.25, 1
29, 102, 0.07, 1
30, 91, -2.42861e-17, 1
31, 97, -0.2, 1
32, 88, 0.04, 1
33, 84, 0.29, 1
34, 95, 0.19, 1
35, 98, 0.25, 1
36, 101, -0.04, 1
37, 82, 0.2, 1
38, 95.01, -0.09, 1
39, 90, 3.46945e-18, 1
40, 86, 0.2, 1
41, 92, 0.28, 1
42, 94.01, 0.09, 1
43, 95, 0.26, 1
44, 81, 0.41, 1
45, 85, 0.14, 1
46, 90, 0.05, 1
47, 85, 0.07, 1
48, 83, 0.05, 1
49, 81, 0.36, 1
50, 77, 0.12, 1
51, 83, 0.13, 1
