0.2
2, 63, -0.13, 1
3, 72, -0.25, 1
4, 80, -0.17, 1
5, 52, -0.06, 1
6, 63, -0.06, 1
7, 57, 0.01, 1
8, 54, -0.07, 1
9, 61, -0.05, 1
10, 76, -0.24, 1
11, 65, -0.14, 1
12, 48, 0.04, 1
13, 67, -0.07, 1
14, 57, -0.01, 1
15, 51, -0.03, 1
16, 55, -0.27, 1
17, 58, -0.05, 1
18, 59, -0.02, 1
19, 29, -0.04, 1
20, 53, -0.02, 1
21, 70, 0.05, 1
22, 54, -0.02, 1
23, 66, -0.08, 1
24, 71, 0.04, 1
25, 65, 0.1, 1
26, 65, -0.13, 1
27, 56, -0.17, 1
28, 63, 0.03, 1
29, 76, -0.15, 1
30, 67, 0.13, 1
31, 56, 0.01, 1
32, 41, 0.02, 1
33, 61, 0.09, 1
34, 70, 0.08, 1
35, 64, 0.02, 1
36, 59, -0.05, 1
37, 54, 0.04, 1
38, 72, 0.04, 1
39, 38, 0, 1
40, 72, 0.18, 1
41, 68, 0.11, 1
42, 49, 0.05, 1
43, 49, 0.03, 1
44, 58, 0.13, 1
45, 33, 0.13, 1
46, 54, 0.12, 1
47, 63, 0.12, 1
48, 48, 0.14, 1
49, 64, 0.17, 1
50, 59, 0.25, 1
51, 66, 0.15, 1
0.2
2, 65, -0.16, 1
3, 65, -0.01, 1
4, 75, -0.15, 1
5, 59, -0.17, 1
6, 61, -0.08, 1
7, 51, 0.02, 1
8, 55, -0.1, 1
9, 54, 0, 1
10, 70, -0.21, 1
11, 70, -0.22, 1
12, 58, 0, 1
13, 71, -0.09, 1
14, 48, -0.04, 1
15, 46, -0.09, 1
16, 57, -0.06, 1
17, 48, 0.04, 1
18, 51, -0.03, 1
19, 46, -0.08, 1
20, 66, -0.09, 1
21, 72, 0.02, 1
22, 72, 0.01, 1
23, 72, -0.05, 1
24, 60, -0.07, 1
25, 74, 0.02, 1
26, 59, -0.01, 1
27, 67, -0.03, 1
28, 58, 0.04, 1
29, 69, -0.08, 1
30, 60, 5.20417e-18, 1
31, 41, 0.01, 1
32, 46, 0.09, 1
33, 59, 0.05, 1
34, 58, -0.1, 1
35, 59, 0.07, 1
36, 68, 0.07, 1
37, 56, 0.06, 1
38, 59, 0.05, 1
39, 44, -0.01, 1
40, 59, 0.3, 1
41, 78, 0.07, 1
42, 59, 0.07, 1
43, 48, 0.14, 1
44, 56, 0.07, 1
45, 53, 0.08, 1
46, 58, 0.15, 1
47, 52, 0.15, 1
48, 66, 0.03, 1
49, 56, 0.07, 1
50, 56, 0.12, 1
51, 79, 0.13, 1
0.4
2, 89, -0.23, 1
3, 94, -0.34, 1
4, 143, -0.23, 1
5, 171, -0.16, 1
6, 96, -0.4, 1
7, 89, -0.09, 1
8, 94, -0.33, 1
9, 85, -0.11, 1
10, 102, -0.13, 1
11, 97, 0.05, 1
12, 85, -0.09, 1
13, 98, -0.11, 1
14, 94, -0.22, 1
15, 96, -0.25, 1
16, 92, -0.12, 1
17, 86, -0.15, 1
18, 87, 0.14, 1
19, 78, -0.02, 1
20, 100, -0.12, 1
21, 81, 0.09, 1
22, 89, 0.07, 1
23, 92, -0.01, 1
24, 84, 0.05, 1
25, 95, -0.22, 1
26, 105, -0.03, 1
27, 89, 0.11, 1
28, 82, -0.12, 1
29, 87, 0.1, 1
30, 95, -0.13, 1
31, 87, -0.02, 1
32, 97, -0.09, 1
33, 93, 0.03, 1
34, 82, -0.06, 1
35, 83, 0.01, 1
36, 84, 0.11, 1
37, 89, 0.03, 1
38, 95, 0.42, 1
39, 78, 5.20417e-18, 1
40, 78, 0.32, 1
41, 81, 0.35, 1
42, 79, 0.1, 1
43, 84, 0.02, 1
44, 82, 0.31, 1
45, 82, 0.14, 1
46, 81, 0.16, 1
47, 90, 0.18, 1
48, 78, 0.36, 1
49, 88, 0.28, 1
50, 84, 0.22, 1
51, 88, 0.13, 1
0.4
2, 164, -0.18, 1
3, 174, -0.22, 1
4, 91, -0.1, 1
5, 93, -0.35, 1
6, 91, -0.09, 1
7, 86, -0.06, 1
8, 95, 0, 1
9, 95, -0.38, 1
10, 79, 0.03, 1
11, 96, -0.07, 1
12, 89, -0.08, 1
13, 97, -0.08, 1
14, 82, 0.07, 1
15, 106, -0.03, 1
16, 91, -0.17, 1
17, 87, -0.02, 1
18, 92, -0.06, 1
19, 75, 0.02, 1
20, 90, -0.21, 1
21, 95, -0.14, 1
22, 103, -0.08, 1
23, 94, 0.03, 1
24, 89, 0.11, 1
25, 84, -0.22, 1
26, 97, 0.07, 1
27, 87, -0.3, 1
28, 91, 0.1, 1
29, 90, 0.03, 1
30, 77, 0.1, 1
31, 81, 0.04, 1
32, 80, -0.06, 1
33, 90, -0.03, 1
34, 84, 0.29, 1
35, 84, 0.22, 1
36, 87, 0.01, 1
37, 85, 0.17, 1
38, 94, 0.23, 1
39, 74, 0.01, 1
40, 81, 0.02, 1
41, 85, 0.08, 1
42, 78, 0.17, 1
43, 77, -0.03, 1
44, 89, 3.46945e-18, 1
45, 85, 0.33, 1
46, 80, 0.18, 1
47, 76, 0.25, 1
48, 85, 0.01, 1
49, 89, 0.17, 1
50, 85, 0.08, 1
51, 90, 0.14, 1
0.8
2, 106, -0.3, 1
3, 107, -0.18, 1
4, 258, -0.21, 1
5, 203, -0.81, 1
6, 107, -0.32, 1
7, 91, -0.04, 1
8, 102, -0.16, 1
9, 113, -0.49, 1
10, 92, -0.04, 1
11, 100, 0.05, 1
12, 90, 0.08, 1
13, 119, -0.56, 1
14, 101, -0.09, 1
15, 108, -0.57, 1
16, 109, -0.25, 1
17, 88, 0.12, 1
18, 98, -0.34, 1
19, 107, 0.15, 1
20, 104, -0.25, 1
21, 114, -0.38, 1
22, 98, 0.12, 1
23, 106, -0.2, 1
24, 87, 0.25, 1
25, 96, -0.17, 1
26, 103, -0.08, 1
27, 91, 0.18, 1
28, 100, 0.22, 1
29, 93, 0.3, 1
30, 99, -0.21, 1
31, 93, 0, 1
32, 104, -0.24, 1
33, 95, -0.04, 1
34, 96, 0.28, 1
35, 106, -0.1, 1
36, 91, 0.29, 1
37, 95, 0.19, 1
38, 91, -0.09, 1
39, 86, 0.13, 1
40, 86, 0.08, 1
41, 76, 0.63, 1
42, 86, 0.32, 1
43, 92, 0.16, 1
44, 87, 0.43, 1
45, 75, 0.61, 1
46, 87, 0.14, 1
47, 91, 0.19, 1
48, 85, 0.14, 1
49, 84, 0.42, 1
50, 75, 0.21, 1
51, 82, 0.43, 1
0.8
2, 97, -0.1, 1
3, 96.02, -0.27, 1
4, 96.01, -0.3, 1
5, 186, 0.05, 1
6, 203, -0.54, 1
7, 181, -0.42, 1
8, 106, -0.12, 1
9, 90, -0.11, 1
10, 82, 0.2, 1
11, 98, -0.27, 1
12, 103, -0.12, 1
13, 108, -0.76, 1
14, 101, -0.19, 1
15, 101, -0.53, 1
16, 98, -0.11, 1
17, 95, 0.19, 1
18, 86, 0.01, 1
19, 97, -0.17, 1
20, 95, 0.08, 1
21, 91, -0.09, 1
22, 109, -0.35, 1
23, 90, 0.01, 1
24, 87, 0.13, 1
25, 71, 0.2, 1
26, 107, -0.58, 1
27, 92, -0.03, 1
28, 90, 0.32, 1
29, 99, -0.29, 1
30, 91, -0.07, 1
31, 96, -0.33, 1
32, 90, 0.23, 1
33, 84, 0.29, 1
34, 89, 0.27, 1
35, 83, 0.6, 1
36, 94, 0.17, 1
37, 87, 0.05, 1
38, 82, 0.23, 1
39, 89, 0.2, 1
40, 86, 0.43, 1
41, 98, 0.05, 1
42, 96, 0.12, 1
43, 92, 0.13, 1
44, 86, 0.58, 1
45, 88, 0.09, 1
46, 84, 0.21, 1
47, 100, 0.2, 1
48, 87, 0.23, 1
49, 81, 0.16, 1
50, 80, 0.15, 1
51, 77, 0.17, 1
