0.2
2, 65, -0.06, 2
3, 55, -0.11, 2
4, 76, -0.21, 2
5, 34, -0.08, 2
6, 59, -0.02, 2
7, 53, -0.06, 2
8, 59, -0.13, 2
9, 55, -0.09, 2
10, 61, -0.22, 2
11, 59, -0.14, 2
12, 63, 0.05, 2
13, 65, -0.11, 2
14, 64, -0.07, 2
15, 41, -0.02, 2
16, 62, -0.18, 2
17, 51, 0.04, 2
18, 61, -0.03, 2
19, 37, -0.02, 2
20, 43, -0.04, 2
21, 63, 0.02, 2
22, 60, -0.02, 2
23, 81, 0.04, 2
24, 59, 0.09, 2
25, 68, -0.05, 2
26, 63, 0.03, 2
27, 66, 0, 2
28, 65, 0.13, 2
29, 69, -0.05, 2
30, 61, 0.1, 2
31, 53, 0, 2
32, 34, 0.02, 2
33, 56, 0.13, 2
34, 70, -0.04, 2
35, 55, -0.01, 2
36, 53, -3.46945e-18, 2
37, 57, 0.09, 2
38, 66, -0.03, 2
39, 42, 0, 2
40, 63, 0.13, 2
41, 64, 0.04, 2
42, 52, 0.04, 2
43, 51, -0.02, 2
44, 38, 0.05, 2
45, 42, 0.02, 2
46, 63, 0.18, 2
47, 67, 0.12, 2
48, 65, 0.07, 2
49, 61, 0.04, 2
50, 51, 0.17, 2
51, 57, 0.21, 2
0.2
2, 50, -0.04, 2
3, 80, -0.07, 2
4, 76, -0.13, 2
5, 52, -0.13, 2
6, 56, -0.07, 2
7, 54, -0.08, 2
8, 54, -0.02, 2
9, 58, 0.01, 2
10, 79, -0.33, 2
11, 73, -0.27, 2
12, 58, 0.01, 2
13, 70, -0.05, 2
14, 63, -0.01, 2
15, 49, -0.1, 2
16, 52, -0.2, 2
17, 54, -0.02, 2
18, 53, 0.02, 2
19, 38, -0.05, 2
20, 55, -0.03, 2
21, 73, 0.05, 2
22, 59, -0.06, 2
23, 58, -0.05, 2
24, 65, 0.06, 2
25, 80, -0.01, 2
26, 69, -0.03, 2
27, 67, -0.11, 2
28, 64, 0.06, 2
29, 70, -0.09, 2
30, 58, 0, 2
31, 40, -0.02, 2
32, 37, 0.05, 2
33, 69, 0.02, 2
34, 55, 0.13, 2
35, 73, 0.15, 2
36, 69, 0.02, 2
37, 60, 0.08, 2
38, 60, -0.04, 2
39, 32, 0.03, 2
40, 68, 0.25, 2
41, 73, 0.11, 2
42, 54, 0.08, 2
43, 64, 0.12, 2
44, 64, 0.09, 2
45, 50, 0.09, 2
46, 66, 0.02, 2
47, 63, 0.1, 2
48, 57, 0.01, 2
49, 58, 0.16, 2
50, 69, 0.16, 2
51, 72, 0.13, 2
0.4
2, 174, -0.21, 2
3, 167, -0.13, 2
4, 82, -0.11, 2
5, 99, -0.38, 2
6, 91, -0.05, 2
7, 79, -0.01, 2
8, 102, -0.23, 2
9, 82, -0.22, 2
10, 79, -0.21, 2
11, 101, -0.04, 2
12, 94, -0.11, 2
13, 95, 0.07, 2
14, 79, -0.11, 2
15, 101, -0.21, 2
16, 95, -6.93889e-18, 2
17, 87, -0.03, 2
18, 95, -0.11, 2
19, 75, 0.03, 2
20, 91, -0.26, 2
21, 85, 0.15, 2
22, 95, 0.09, 2
23, 92, -0.16, 2
24, 75, 0.1, 2
25, 87, -0.17, 2
26, 104, -0.27, 2
27, 101, -0.16, 2
28, 85, 0.06, 2
29, 86, 0.08, 2
30, 86, 0.03, 2
31, 78, 0.11, 2
32, 88, -0.15, 2
33, 86, 0.06, 2
34, 75, 0.11, 2
35, 81, 0.21, 2
36, 79, 0.05, 2
37, 95, 0.03, 2
38, 83, 0.4, 2
39, 79, 0.11, 2
40, 82, 0.23, 2
41, 81, 0.04, 2
42, 83, 0.04, 2
43, 92, -0.05, 2
44, 90, 0.07, 2
45, 81, 0.16, 2
46, 83, 0.2, 2
47, 86, 0.25, 2
48, 86, 0.18, 2
49, 89, 0.16, 2
50, 83, 0.34, 2
51, 95, 0.02, 2
0.4
2, 89.01, -0.06, 2
3, 150, -0.32, 2
4, 166, -0.3, 2
5, 85, -0.32, 2
6, 93, -0.22, 2
7, 86, 6.93889e-18, 2
8, 89, -0.14, 2
9, 97, -0.14, 2
10, 101, -0.12, 2
11, 96, 0.02, 2
12, 84, -0.11, 2
13, 104, -0.13, 2
14, 92, -0.1, 2
15, 106, -0.06, 2
16, 91, -0.18, 2
17, 93, -0.22, 2
18, 88, -0.03, 2
19, 79, -0.03, 2
20, 91, 0.05, 2
21, 90, 0.01, 2
22, 95, -0.04, 2
23, 95, 0.14, 2
24, 100, -0.13, 2
25, 91, -0.12, 2
26, 95, 0.15, 2
27, 95, -0.27, 2
28, 91, 0.11, 2
29, 88, 0.15, 2
30, 88, 0.07, 2
31, 87, -0.08, 2
32, 87, -0.05, 2
33, 90, -0.08, 2
34, 90, 0.33, 2
35, 87, 0.23, 2
36, 88, -0.05, 2
37, 85, 0.14, 2
38, 103, -0.06, 2
39, 74, -0.07, 2
40, 88, 0.07, 2
41, 86, 0.47, 2
42, 87, 0.15, 2
43, 74, 0.04, 2
44, 91, 0.04, 2
45, 88, 0.28, 2
46, 84, 0.08, 2
47, 80, 0.26, 2
48, 76, 0.22, 2
49, 96, 0.13, 2
50, 84, 0.08, 2
51, 80, 0.21, 2
0.8
2, 110.02, -0.79, 2
3, 267, -0.01, 2
4, 256, -0.19, 2
5, 97, 0.05, 2
6, 117, -0.54, 2
7, 94, -0.37, 2
8, 103, -0.07, 2
9, 85, -0.1, 2
10, 89, 0.08, 2
11, 111, -0.44, 2
12, 106, -0.21, 2
13, 117, -0.76, 2
14, 88, 0.02, 2
15, 102, -0.7, 2
16, 102, -0.25, 2
17, 94, 0.2, 2
18, 87, 0.02, 2
19, 94, -0.08, 2
20, 91, 0.15, 2
21, 101, 0.07, 2
22, 113, -0.2, 2
23, 111, -0.46, 2
24, 93, 0.24, 2
25, 89, 0.19, 2
26, 106, -0.31, 2
27, 86, 0.34, 2
28, 103, 0.13, 2
29, 104, 0.07, 2
30, 94, -0.05, 2
31, 103, -0.27, 2
32, 100, -0.08, 2
33, 92, 0.13, 2
34, 91, 0.6, 2
35, 93, 0.44, 2
36, 94, 0.38, 2
37, 97, 0.12, 2
38, 86, -0.16, 2
39, 85, 0.21, 2
40, 86, 0.04, 2
41, 94, 0.19, 2
42, 103, 0.12, 2
43, 88, 0.29, 2
44, 90, 0.41, 2
45, 80, 0.29, 2
46, 90, 0.2, 2
47, 87, 0.63, 2
48, 95, -0.05, 2
49, 78, 0.23, 2
50, 83, 0.11, 2
51, 81, 0.14, 2
0.8
2, 84.02, 0, 2
3, 212, -0.53, 2
4, 182, -0.48, 2
5, 98, -0.25, 2
6, 100, -0.42, 2
7, 98, -0.13, 2
8, 105, -0.19, 2
9, 114, -0.46, 2
10, 82, -0.05, 2
11, 92, 0.06, 2
12, 89, 0.04, 2
13, 120, -0.69, 2
14, 114, -0.25, 2
15, 105, -0.55, 2
16, 108, -0.3, 2
17, 88, 0.07, 2
18, 95, -0.31, 2
19, 104, -0.05, 2
20, 107, -0.35, 2
21, 105, -0.31, 2
22, 98, -0.11, 2
23, 83, 0.35, 2
24, 87, 0.22, 2
25, 82, 0.1, 2
26, 111, -0.52, 2
27, 102, -0.22, 2
28, 88, 0.19, 2
29, 101, 0.13, 2
30, 91, 0.11, 2
31, 96, -0.16, 2
32, 92, 0.23, 2
33, 89, 0.17, 2
34, 100, -0.04, 2
35, 96, 0.04, 2
36, 95, 0.04, 2
37, 89, 0.1, 2
38, 76, 0.64, 2
39, 93, 0.18, 2
40, 90, 0.42, 2
41, 87, 0.61, 2
42, 88, 0.27, 2
43, 96, 0.16, 2
44, 82, 0.69, 2
45, 89, 0.34, 2
46, 84, 0.32, 2
47, 95, -0.03, 2
48, 82, 0.32, 2
49, 101, 0.1, 2
50, 79, 0.05, 2
51, 85, 0.45, 2
