0.2
2, 78, -0.06, 2
3, 68, -0.06, 2
4, 75, -0.13, 2
5, 66, -0.03, 2
6, 61, -0.08, 2
7, 68, 0, 2
8, 75, -0.06, 2
9, 58, 0.02, 2
10, 74, -0.11, 2
11, 75, -0.14, 2
12, 68, 0.04, 2
13, 76, 0, 2
14, 69, -0.02, 2
15, 63, -0.03, 2
16, 70, -0.04, 2
17, 67, 0.02, 2
18, 67, 0, 2
19, 52, -0.08, 2
20, 65, -0.05, 2
21, 74, 0.03, 2
22, 75, 0.01, 2
23, 74, 0.01, 2
24, 73, 0.01, 2
25, 83, -0.03, 2
26, 70, -0.06, 2
27, 80, -0.05, 2
28, 72, 0.03, 2
29, 79, -0.06, 2
30, 69, 0.1, 2
31, 62, 0.03, 2
32, 59, 0.02, 2
33, 76, 0.02, 2
34, 67, -0.04, 2
35, 75, 0.06, 2
36, 70, 0.02, 2
37, 69, 0.05, 2
38, 77, 0.01, 2
39, 55, 0.03, 2
40, 68, 0.1, 2
41, 76, 0.02, 2
42, 69, 0.02, 2
43, 61, 0.05, 2
44, 76, 0.04, 2
45, 51, 0.03, 2
46, 69, -0.02, 2
47, 67, 0.08, 2
48, 76, 0.02, 2
49, 86, 0.07, 2
50, 67, 0.13, 2
51, 73, 0.08, 2
0.2
2, 70, -0.1, 2
3, 89, -0.16, 2
4, 90, -0.06, 2
5, 69, -0.05, 2
6, 67, -0.03, 2
7, 68, -0.02, 2
8, 76, -0.1, 2
9, 77, -0.05, 2
10, 81, -0.17, 2
11, 84, -0.07, 2
12, 77, 0.05, 2
13, 76, -0.06, 2
14, 79, 0.01, 2
15, 66, -0.07, 2
16, 71, -0.12, 2
17, 75, 0.02, 2
18, 78, -0.05, 2
19, 54, -0.05, 2
20, 65, -0.02, 2
21, 82, -0.04, 2
22, 71, -0.07, 2
23, 88, -0.02, 2
24, 67, 0.04, 2
25, 80, 3.46945e-18, 2
26, 76, 0.06, 2
27, 71, -0.03, 2
28, 69, 0.07, 2
29, 78, -0.07, 2
30, 72, 0.01, 2
31, 51, -0.01, 2
32, 63, 0.01, 2
33, 70, 0.06, 2
34, 77, 0.03, 2
35, 66, 0.08, 2
36, 73, 0.01, 2
37, 60, 0.06, 2
38, 76, -0.02, 2
39, 59, -0.01, 2
40, 78, 0.15, 2
41, 79, 0.03, 2
42, 65, 0.07, 2
43, 75, 0.02, 2
44, 61, 0.06, 2
45, 69, 0.08, 2
46, 73, 0.09, 2
47, 68, 0.06, 2
48, 78, 0.13, 2
49, 66, 0.08, 2
50, 69, 0.1, 2
51, 72, 0.07, 2
0.4
2, 87, -0.1, 2
3, 97, -0.03, 2
4, 157, -0.28, 2
5, 168, -0.19, 2
6, 100, -0.06, 2
7, 95, -0.14, 2
8, 98, 0.03, 2
9, 101, -0.19, 2
10, 88.02, -0.1, 2
11, 93, 0.02, 2
12, 81, -0.02, 2
13, 97, 0.02, 2
14, 82, 0.03, 2
15, 104, -0.1, 2
16, 90, -0.08, 2
17, 89, 0.01, 2
18, 91, 0.01, 2
19, 92, -0.06, 2
20, 93, -0.14, 2
21, 72, 0.09, 2
22, 94, 0.06, 2
23, 93, -0.12, 2
24, 85, 0.05, 2
25, 75, -0.13, 2
26, 95, -0.09, 2
27, 104, -0.08, 2
28, 101, 0.09, 2
29, 82, 0.08, 2
30, 92, -0.01, 2
31, 89, -0.06, 2
32, 92, 0.02, 2
33, 86, -0.01, 2
34, 90, 0.2, 2
35, 72, 0.04, 2
36, 86, 0.07, 2
37, 84, 0.16, 2
38, 96, 0.19, 2
39, 80, -0.02, 2
40, 83, 0.07, 2
41, 89, 0.05, 2
42, 85, 0.04, 2
43, 75, -0.04, 2
44, 90, 0.06, 2
45, 83, 0.12, 2
46, 80, 0.07, 2
47, 81, 0.09, 2
48, 74, 0.09, 2
49, 90, 0.11, 2
50, 90, 0.13, 2
51, 91, 0.05, 2
0.4
2, 96, -0.1, 2
3, 183, -0.09, 2
4, 167, -0.01, 2
5, 97, -0.18, 2
6, 90, -0.09, 2
7, 84, 0.03, 2
8, 98, -0.2, 2
9, 81, -0.01, 2
10, 90, -0.04, 2
11, 107, -0.11, 2
12, 95, 0.04, 2
13, 97, -0.1, 2
14, 90, -0.06, 2
15, 94, -0.03, 2
16, 94, -0.01, 2
17, 93, -0.1, 2
18, 93, -0.06, 2
19, 62, 0.05, 2
20, 107, -0.14, 2
21, 105, -0.2, 2
22, 101, 1.73472e-18, 2
23, 97, 0.11, 2
24, 100, 1.04083e-17, 2
25, 114, -0.08, 2
26, 107, 0.13, 2
27, 92, -0.13, 2
28, 77, -0.03, 2
29, 97, -0.02, 2
30, 87, 1.73472e-18, 2
31, 82, -0.04, 2
32, 96, -0.07, 2
33, 95, -0.04, 2
34, 79, 0.08, 2
35, 88, 0.22, 2
36, 96, 0.03, 2
37, 95, -0.02, 2
38, 91, 0.08, 2
39, 76, 0.04, 2
40, 84, 0.1, 2
41, 76, 0.24, 2
42, 91, 0.05, 2
43, 92, 0.03, 2
44, 94, 0, 2
45, 84, 0.15, 2
46, 88, 0.07, 2
47, 85, 0.18, 2
48, 90, 0.14, 2
49, 90, 0.08, 2
50, 85, 0.04, 2
51, 89, 0.07, 2
0.8
2, 205, -0.22, 2
3, 110, -0.17, 2
4, 76, -0.01, 2
5, 100, -0.03, 2
6, 108, -0.36, 2
7, 83, -0.05, 2
8, 112, -0.28, 2
9, 104, -0.3, 2
10, 84, 0.03, 2
11, 109, -0.19, 2
12, 108, -0.08, 2
13, 110, -0.44, 2
14, 96, -0.11, 2
15, 106, -0.39, 2
16, 101, -0.18, 2
17, 94, 0.14, 2
18, 72, 0.12, 2
19, 87, 0.04, 2
20, 84, 0.11, 2
21, 90, 0.1, 2
22, 102, -0.03, 2
23, 97, -0.16, 2
24, 97, 0.12, 2
25, 87, 0.13, 2
26, 103, -0.15, 2
27, 90, 0.19, 2
28, 87, 0.2, 2
29, 108, -0.21, 2
30, 97, 0.08, 2
31, 100, -0.24, 2
32, 95, 0.18, 2
33, 89, -1.38778e-17, 2
34, 95, 0.07, 2
35, 98, 0.12, 2
36, 94, -0.01, 2
37, 86, 0.13, 2
38, 104, -0.03, 2
39, 85, 0.14, 2
40, 80, 0.12, 2
41, 101.01, 0.18, 2
42, 111, 0.18, 2
43, 89, 0.22, 2
44, 92, 0.23, 2
45, 85, 0.14, 2
46, 79, 0.15, 2
47, 79, 0.28, 2
48, 95, 0.02, 2
49, 90, 0.08, 2
50, 83, 0.01, 2
51, 80, 0.13, 2
0.8
2, 187, 0, 2
3, 274, -0.09, 2
4, 209, -0.49, 2
5, 190, -0.03, 2
6, 112, -0.29, 2
7, 107, -0.16, 2
8, 95, 0.04, 2
9, 99, -0.08, 2
10, 88, -0.04, 2
11, 86, 0.01, 2
12, 88, 0.02, 2
13, 123, -0.42, 2
14, 108, -0.16, 2
15, 101, -0.35, 2
16, 107, -0.14, 2
17, 87, 0.16, 2
18, 107, -0.2, 2
19, 115, -0.18, 2
20, 113, -0.31, 2
21, 109, -0.18, 2
22, 108, -0.13, 2
23, 98, 0.08, 2
24, 83, 0.05, 2
25, 79, 0.06, 2
26, 110, -0.33, 2
27, 97, -0.03, 2
28, 103, 0.15, 2
29, 93, 0.28, 2
30, 88, -0.08, 2
31, 96, -0.09, 2
32, 102, -0.15, 2
33, 93, 0.15, 2
34, 91, 0.28, 2
35, 93, 0.12, 2
36, 97, 0.23, 2
37, 102, -0.04, 2
38, 70, 0.14, 2
39, 94, 0.03, 2
40, 97, 0.17, 2
41, 82, 0.31, 2
42, 69, 0.17, 2
43, 97, 0.01, 2
44, 82.99, 0.52, 2
45, 77, 0.34, 2
46, 91, 0.11, 2
47, 104, -0.04, 2
48, 82, 0.16, 2
49, 90, 0.06, 2
50, 73, 0.19, 2
51, 86, 0.17, 2
