0.2
2, 68, -0.09, 1
3, 68, -0.03, 1
4, 82, -0.13, 1
5, 56, -0.08, 1
6, 63, -0.04, 1
7, 65, -0.01, 1
8, 58, 0, 1
9, 60, -0.03, 1
10, 71, -0.12, 1
11, 73, -0.16, 1
12, 57, 0.04, 1
13, 69, -0.07, 1
14, 73, -0.06, 1
15, 63, -0.02, 1
16, 58, -0.1, 1
17, 61, -0.02, 1
18, 59, 0.04, 1
19, 50, -0.06, 1
20, 57, -0.03, 1
21, 73, -0.06, 1
22, 66, -0.02, 1
23, 73, -0.01, 1
24, 66, 0.02, 1
25, 78, 0.06, 1
26, 73, -0.06, 1
27, 72, -0.14, 1
28, 68, 0.06, 1
29, 83, -0.06, 1
30, 57, 0.09, 1
31, 46, 0.05, 1
32, 51, 0, 1
33, 78, 0.03, 1
34, 74, -0.01, 1
35, 68, 0.09, 1
36, 76, -0.02, 1
37, 67, 0.05, 1
38, 73, 0, 1
39, 50, 0, 1
40, 67, 0.11, 1
41, 65, 0.07, 1
42, 58, 0.05, 1
43, 69, -0.01, 1
44, 62, 0.11, 1
45, 58, 0.05, 1
46, 68, 0.12, 1
47, 60, 0.02, 1
48, 63, 0.02, 1
49, 59, 0.04, 1
50, 66, 0.14, 1
51, 63, 0.18, 1
0.2
2, 60, -0.05, 1
3, 80, -0.24, 1
4, 80, -0.11, 1
5, 65, -0.02, 1
6, 74, -0.06, 1
7, 51, 1.73472e-18, 1
8, 65, -0.08, 1
9, 66, -0.01, 1
10, 67, -0.12, 1
11, 72, -0.05, 1
12, 68, -0.01, 1
13, 69, -0.07, 1
14, 63, -0.06, 1
15, 62, -0.1, 1
16, 72, -0.09, 1
17, 48, 0.05, 1
18, 52, -0.07, 1
19, 49, -0.04, 1
20, 63, -0.05, 1
21, 70, -0.05, 1
22, 69, -0.05, 1
23, 78, -0.1, 1
24, 63, 0.06, 1
25, 79, 0.07, 1
26, 57, -0.02, 1
27, 72, 0.04, 1
28, 66, -0.01, 1
29, 79, -0.06, 1
30, 55, 0.02, 1
31, 48, 0.03, 1
32, 46, 0.08, 1
33, 70, 0.06, 1
34, 66, 0.05, 1
35, 55, 0.03, 1
36, 72, -0.06, 1
37, 56, 0.13, 1
38, 74, 0.07, 1
39, 45, -0.01, 1
40, 70, 0.2, 1
41, 80, -0.01, 1
42, 52, 0.07, 1
43, 53, -0.01, 1
44, 63, 0.07, 1
45, 43, 0.1, 1
46, 67, 0, 1
47, 72, 0.1, 1
48, 70, 0.03, 1
49, 73, 0.13, 1
50, 68, 0.13, 1
51, 65, 0.09, 1
0.4
2, 90.01, -0.01, 1
3, 93, -0.16, 1
4, 166, -0.35, 1
5, 174, -0.28, 1
6, 96, -0.29, 1
7, 82, 0.04, 1
8, 96, -0.04, 1
9, 91, -0.1, 1
10, 86, -3.46945e-18, 1
11, 99, -0.03, 1
12, 91.99, -0.06, 1
13, 101, -0.14, 1
14, 95, -0.09, 1
15, 100, -0.06, 1
16, 101, -0.02, 1
17, 86, -0.03, 1
18, 91, -0.02, 1
19, 73, 0.02, 1
20, 93, -0.19, 1
21, 85, 0.19, 1
22, 96, -0.04, 1
23, 106, -0.12, 1
24, 87, 0.11, 1
25, 93, -0.08, 1
26, 95, 0.04, 1
27, 106, -0.2, 1
28, 93, -0.02, 1
29, 82, 0.15, 1
30, 92, 0.05, 1
31, 90, -0.11, 1
32, 91, -0.14, 1
33, 84, 0.12, 1
34, 96, 0.07, 1
35, 79, 0.26, 1
36, 92, -0.03, 1
37, 89, 0.05, 1
38, 91, 0.24, 1
39, 68.01, -0.03, 1
40, 85, 0.1, 1
41, 82, 0.18, 1
42, 77, 0.16, 1
43, 77, 0, 1
44, 94, -0.04, 1
45, 93, 0.07, 1
46, 83, 0.15, 1
47, 86, 0.11, 1
48, 83, 0.08, 1
49, 85.02, 0.17, 1
50, 80, 0.04, 1
51, 80, 0.28, 1
0.4
2, 161, -0.3, 1
3, 179, -0.22, 1
4, 82, -0.05, 1
5, 95, -0.23, 1
6, 96, 0, 1
7, 90, -0.04, 1
8, 101, -0.3, 1
9, 93, -0.23, 1
10, 92, -0.18, 1
11, 97, -0.06, 1
12, 89, -0.03, 1
13, 91, 0.05, 1
14, 77, 0.04, 1
15, 103, -0.18, 1
16, 83, -0.1, 1
17, 88, 0.01, 1
18, 88, -1.73472e-18, 1
19, 75, 0.04, 1
20, 97, -0.06, 1
21, 90, -0.07, 1
22, 100, 0.09, 1
23, 77, 0.11, 1
24, 94, 0.04, 1
25, 95, -0.2, 1
26, 107, -0.02, 1
27, 90, -0.09, 1
28, 83, -3.46945e-18, 1
29, 88, 0.09, 1
30, 89, -1.73472e-18, 1
31, 77, 0.09, 1
32, 96, 0.03, 1
33, 100, -0.12, 1
34, 80, 0.22, 1
35, 86, -0.05, 1
36, 79, 0.08, 1
37, 88, 0.1, 1
38, 103, 0.18, 1
39, 82, 0.06, 1
40, 78, 0.15, 1
41, 84, 0.12, 1
42, 86, 0.06, 1
43, 85, -0.01, 1
44, 84, 0.09, 1
45, 70, 0.24, 1
46, 83, 0.03, 1
47, 83, 0.28, 1
48, 83, 0.15, 1
49, 88, 0.11, 1
50, 88, 0.08, 1
51, 98, 0, 1
0.8
2, 96, -0.1, 1
3, 102, -0.17, 1
4, 175, 0.01, 1
5, 198, -0.03, 1
6, 108, -0.4, 1
7, 103, -0.28, 1
8, 111, -0.22, 1
9, 106, -0.19, 1
10, 84, -0.06, 1
11, 99, -0.04, 1
12, 100, -0.03, 1
13, 115, -0.56, 1
14, 109, -0.41, 1
15, 89, -0.58, 1
16, 99, -0.03, 1
17, 95, 0.13, 1
18, 99, -0.18, 1
19, 96, 0.13, 1
20, 103, -0.25, 1
21, 98, -0.23, 1
22, 104, -0.36, 1
23, 186, -0.18, 1
24, 182, 0.1, 1
25, 80, 0.18, 1
26, 104, -0.27, 1
27, 96, 0.05, 1
28, 92, 0.24, 1
29, 103, 0.19, 1
30, 88, -0.2, 1
31, 98, -0.25, 1
32, 101, -0.08, 1
33, 83, 0.21, 1
34, 86, 0.35, 1
35, 107, 0.05, 1
36, 98, 0.14, 1
37, 92, -0.08, 1
38, 82, 0.11, 1
39, 94, 0.09, 1
40, 97, 0.12, 1
41, 91, 0.2, 1
42, 89, 0.27, 1
43, 92, 0.2, 1
44, 78, 0.69, 1
45, 86, 0.24, 1
46, 76, 0.37, 1
47, 90, 0.17, 1
48, 85, 0.15, 1
49, 82, 0.4, 1
50, 78, 0.1, 1
51, 81, 0.29, 1
0.8
2, 274, -0.04, 1
3, 195.99, -0.13, 1
4, 194, -0.37, 1
5, 92, -0.02, 1
6, 205, -0.31, 1
7, 88, -0.2, 1
8, 97, -0.13, 1
9, 97, -0.03, 1
10, 90.02, 0.12, 1
11, 102, -0.17, 1
12, 94, -0.07, 1
13, 107, -0.29, 1
14, 93, 0.06, 1
15, 115, -0.32, 1
16, 107, -0.35, 1
17, 88, 0.18, 1
18, 86, -0.09, 1
19, 104, -0.28, 1
20, 93, 0.02, 1
21, 104, -1.73472e-17, 1
22, 107, 0.01, 1
23, 93, 0.04, 1
24, 95, 0.04, 1
25, 91, 0.04, 1
26, 109, -0.27, 1
27, 88, 0.14, 1
28, 101, 0.12, 1
29, 102, -0.16, 1
30, 101, 0.06, 1
31, 101, -0.3, 1
32, 94, 0.02, 1
33, 95, 0.14, 1
34, 99, -0.09, 1
35, 85, 0.29, 1
36, 86, 0.37, 1
37, 90, 0.21, 1
38, 96, -0.07, 1
39, 85, 0.13, 1
40, 74, 0.34, 1
41, 86, 0.37, 1
42, 100, 0.03, 1
43, 89, 0.12, 1
44, 90, 0.17, 1
45, 86, 0.19, 1
46, 91, 0.04, 1
47, 99, 0.02, 1
48, 91, 0.08, 1
49, 84, 0.04, 1
50, 81, 0.12, 1
51, 80, 0.18, 1
