0.2
2, 65, -0.07, 2
3, 64, -0.28, 2
4, 79, -0.14, 2
5, 64, -0.02, 2
6, 69, -0.03, 2
7, 65, -0.09, 2
8, 71, -0.02, 2
9, 55, -0.01, 2
10, 73, -0.2, 2
11, 74, -0.03, 2
12, 66, -0.02, 2
13, 77, 0.01, 2
14, 64, -0.04, 2
15, 57, -0.01, 2
16, 65, -0.16, 2
17, 60, 0.02, 2
18, 60, -0.04, 2
19, 45, -0.06, 2
20, 64, -0.1, 2
21, 75, -0.05, 2
22, 71, -0.04, 2
23, 79, 0.03, 2
24, 66, 0.02, 2
25, 75, 0.06, 2
26, 68, 0.05, 2
27, 62, -0.06, 2
28, 61, 0.09, 2
29, 63, -0.04, 2
30, 61, 0.02, 2
31, 58, 0.02, 2
32, 36, -0.03, 2
33, 66, 0.08, 2
34, 73, 0.04, 2
35, 66, 0.04, 2
36, 63, 0.04, 2
37, 71, 0.01, 2
38, 76, -0.04, 2
39, 37, 0.05, 2
40, 70, 0.12, 2
41, 79, 0.08, 2
42, 55, 0.01, 2
43, 62, 0.09, 2
44, 57, 0.05, 2
45, 59, 0.07, 2
46, 66, 0.1, 2
47, 64, 0.12, 2
48, 65, 0.1, 2
49, 62, 0.08, 2
50, 63, 0.14, 2
51, 73, 0.04, 2
0.2
2, 64, -0.11, 2
3, 81, -0.09, 2
4, 80, -0.06, 2
5, 63, -0.09, 2
6, 69, -0.05, 2
7, 64, 0.01, 2
8, 66, -0.07, 2
9, 70, 0.02, 2
10, 85, -0.14, 2
11, 75, -0.13, 2
12, 77, 0.02, 2
13, 72, -0.13, 2
14, 68, 0, 2
15, 56, -0.04, 2
16, 67, -0.11, 2
17, 72, -0.06, 2
18, 73, -0.02, 2
19, 54, -0.04, 2
20, 64, -0.01, 2
21, 77, 0.03, 2
22, 70, -0.07, 2
23, 74, -0.04, 2
24, 70, 0.05, 2
25, 80, 1.73472e-18, 2
26, 73, 0.02, 2
27, 78, -0.06, 2
28, 68, 0.07, 2
29, 87, -0.07, 2
30, 59, 0.02, 2
31, 55, 0.05, 2
32, 57, 0.02, 2
33, 69, 0.09, 2
34, 72, -0.05, 2
35, 67, 0.07, 2
36, 65, -0.04, 2
37, 52, 0.08, 2
38, 57, 0.07, 2
39, 48, -0.02, 2
40, 73, 0.2, 2
41, 69, 0.02, 2
42, 57, 0.07, 2
43, 57, 0.04, 2
44, 59, 0.05, 2
45, 64, 0.1, 2
46, 66, 0.04, 2
47, 68, 0.02, 2
48, 76, 0.04, 2
49, 72, 0.02, 2
50, 66, 0.16, 2
51, 73, 0.12, 2
0.4
2, 93, -0.06, 2
3, 185, -0.11, 2
4, 84, -0.21, 2
5, 102, -0.38, 2
6, 93, -0.16, 2
7, 85, 0.02, 2
8, 106, -0.14, 2
9, 89, -0.16, 2
10, 89, -0.09, 2
11, 97, -0.07, 2
12, 87, -0.01, 2
13, 98, -0.04, 2
14, 84, -0.16, 2
15, 106, -0.23, 2
16, 89, -0.09, 2
17, 83, -0.06, 2
18, 89, 0.08, 2
19, 73, 3.46945e-18, 2
20, 92, -0.19, 2
21, 77, -0.02, 2
22, 101, 0.05, 2
23, 95, -0.05, 2
24, 90, 0.13, 2
25, 91, -0.14, 2
26, 98, 0.04, 2
27, 104, -0.16, 2
28, 98, 0.06, 2
29, 94, 0.11, 2
30, 93, -0.07, 2
31, 82, 0.04, 2
32, 88, -0.08, 2
33, 89, 0.14, 2
34, 91, 0.17, 2
35, 97, 0.06, 2
36, 90, 0.06, 2
37, 95, -2.77556e-17, 2
38, 94.01, 0.25, 2
39, 76, 0.02, 2
40, 89, -0.05, 2
41, 90, 0.16, 2
42, 91, 0.09, 2
43, 74, -0.03, 2
44, 86.02, 0.13, 2
45, 88, 0.24, 2
46, 81, 0.18, 2
47, 77, 0.25, 2
48, 82, 0.03, 2
49, 91, 0.25, 2
50, 85.01, 0.1, 2
51, 88, 0.1, 2
0.4
2, 156, -0.24, 2
3, 169, -0.19, 2
4, 84, -0.05, 2
5, 92, -0.21, 2
6, 94, -0.04, 2
7, 89, -0.08, 2
8, 88, -0.11, 2
9, 94, -0.2, 2
10, 89, -0.05, 2
11, 101, -5.20417e-18, 2
12, 93, -0.02, 2
13, 94, 0.01, 2
14, 86, 0.01, 2
15, 91, 0.01, 2
16, 91, 0.04, 2
17, 93, -0.06, 2
18, 93, -0.05, 2
19, 85, 0.02, 2
20, 100, 0.02, 2
21, 92, 6.93889e-18, 2
22, 97, -0.02, 2
23, 92, -0.01, 2
24, 89, -0.09, 2
25, 82, -0.13, 2
26, 104, -0.02, 2
27, 99, -0.2, 2
28, 83, -0.01, 2
29, 90, -0.04, 2
30, 86, 0.13, 2
31, 81, -0.09, 2
32, 97, -0.09, 2
33, 103, -0.11, 2
34, 88, 0.15, 2
35, 78, 0.21, 2
36, 91, 0.05, 2
37, 87, 0.13, 2
38, 95, 0.2, 2
39, 85, 0, 2
40, 75, 0.23, 2
41, 90, 0.03, 2
42, 84, 0.12, 2
43, 85, 0.07, 2
44, 91, -0.02, 2
45, 82, 0.11, 2
46, 82, -0.05, 2
47, 96, 0.14, 2
48, 83, 0.25, 2
49, 88, 0.04, 2
50, 88, 0.16, 2
51, 94, 0.05, 2
0.8
2, 256, -0.08, 2
3, 201, -0.25, 2
4, 186, -0.1, 2
5, 198, -0.15, 2
6, 103, -0.3, 2
7, 98, -0.17, 2
8, 89, -0.05, 2
9, 110, -0.35, 2
10, 85, 0.02, 2
11, 101.01, -0.1, 2
12, 98, 0.01, 2
13, 117, -0.63, 2
14, 97, -0.04, 2
15, 102, -0.37, 2
16, 106, -0.17, 2
17, 88, 0.14, 2
18, 94, 0.12, 2
19, 103, -0.04, 2
20, 206, -0.32, 2
21, 105, -0.23, 2
22, 92, 0.05, 2
23, 90, 0.06, 2
24, 95, -0.16, 2
25, 87, 0.15, 2
26, 103, -0.29, 2
27, 90, 0.05, 2
28, 102, 0.15, 2
29, 94, -0.15, 2
30, 90, 0.11, 2
31, 101, -0.23, 2
32, 90, 0.03, 2
33, 89, 0.04, 2
34, 101, 0.32, 2
35, 92, 0.27, 2
36, 85, 0.55, 2
37, 91, 0.09, 2
38, 103, -0.18, 2
39, 80, 0.24, 2
40, 93, -0.01, 2
41, 88, 0.36, 2
42, 93, 0.38, 2
43, 100, 0.11, 2
44, 81, 0.66, 2
45, 93, 0.04, 2
46, 84, 0.15, 2
47, 91, 0.06, 2
48, 100, -0.07, 2
49, 88, 0.11, 2
50, 76, 0.01, 2
51, 82, 0.16, 2
0.8
2, 187, -0.05, 2
3, 182, -0.19, 2
4, 185, -0.34, 2
5, 95.01, 0.04, 2
6, 115, -0.46, 2
7, 91, -0.09, 2
8, 118, -0.06, 2
9, 93, -0.23, 2
10, 87, 0.06, 2
11, 103, -0.1, 2
12, 100, -0.31, 2
13, 114, -0.49, 2
14, 105, -0.11, 2
15, 108, -0.51, 2
16, 103, -0.1, 2
17, 93, 0.16, 2
18, 92, -0.29, 2
19, 94, 0.05, 2
20, 87, 0.15, 2
21, 103, -0.18, 2
22, 120, -0.24, 2
23, 105, -0.09, 2
24, 86, 0.27, 2
25, 82, 0.19, 2
26, 112, -0.24, 2
27, 96, 4.85723e-17, 2
28, 90, 0.24, 2
29, 114, 0.14, 2
30, 97, -0.06, 2
31, 100, -0.25, 2
32, 106, -0.01, 2
33, 90, 0.26, 2
34, 95, -0.05, 2
35, 101, -0.01, 2
36, 96, -0.24, 2
37, 94, 0.09, 2
38, 80, 0.09, 2
39, 103, -0.04, 2
40, 81, 0.39, 2
41, 93, 0.23, 2
42, 94, 0.02, 2
43, 85, 0.17, 2
44, 92, 0.33, 2
45, 81, 0.43, 2
46, 87, 0.28, 2
47, 101, 0.09, 2
48, 74, 0.37, 2
49, 88, 0.16, 2
50, 76, 0.39, 2
51, 91, 0.14, 2
